Future [(0.34234448679897245, 0.18545195387154217, 0.0, 0.0, 0.25), (-0.6529958100902897, 0.49513155212200133, -0.10189332813024521, -0.009854868054389954, 0.25), (-0.2020824990564484, -2.0925483067024393, 0.001094132661819458, -0.010278690606355667, 0.25)]
Future [(0.34234448679897245, 0.18545195387154217, 0.0, 0.0, 0.25), (-0.6631851429033142, 0.49414606531656236, -0.10189332813024521, -0.009854868054389954, 0.25), (-0.20197308579026646, -2.093576175763075, 0.001094132661819458, -0.010278690606355667, 0.25)]
Future [(0.34234448679897245, 0.18545195387154217, 0.0, 0.0, 0.25), (-0.6733744757163387, 0.4931605785111234, -0.10189332813024521, -0.009854868054389954, 0.25), (-0.20186367252408452, -2.0946040448237104, 0.001094132661819458, -0.010278690606355667, 0.25)]
Future [(0.34234448679897245, 0.18545195387154217, 0.0, 0.0, 0.25), (-0.6835638085293632, 0.4921750917056844, -0.10189332813024521, -0.009854868054389954, 0.25), (-0.20175425925790258, -2.095631913884346, 0.001094132661819458, -0.010278690606355667, 0.25)]
Future [(0.34234448679897245, 0.18545195387154217, 0.0, 0.0, 0.25), (-0.6937531413423876, 0.49118960490024544, -0.10189332813024521, -0.009854868054389954, 0.25), (-0.20164484599172064, -2.0966597829449816, 0.001094132661819458, -0.010278690606355667, 0.25)]
Future [(0.34234448679897245, 0.18545195387154217, 0.0, 0.0, 0.25), (-0.7039424741554121, 0.49020411809480646, -0.10189332813024521, -0.009854868054389954, 0.25), (-0.2015354327255387, -2.097687652005617, 0.001094132661819458, -0.010278690606355667, 0.25)]
Future [(0.34234448679897245, 0.18545195387154217, 0.0, 0.0, 0.25), (-0.7141318069684366, 0.4892186312893675, -0.10189332813024521, -0.009854868054389954, 0.25), (-0.20142601945935676, -2.0987155210662527, 0.001094132661819458, -0.010278690606355667, 0.25)]
Future [(0.34234448679897245, 0.18545195387154217, 0.0, 0.0, 0.25), (-0.7243211397814611, 0.4882331444839285, -0.10189332813024521, -0.009854868054389954, 0.25), (-0.20131660619317482, -2.0997433901268883, 0.001094132661819458, -0.010278690606355667, 0.25)]
Future [(0.34234448679897245, 0.18545195387154217, 0.0, 0.0, 0.25), (-0.7345104725944855, 0.48724765767848954, -0.10189332813024521, -0.009854868054389954, 0.25), (-0.20120719292699288, -2.100771259187524, 0.001094132661819458, -0.010278690606355667, 0.25)]
Future [(0.34234448679897245, 0.18545195387154217, 0.0, 0.0, 0.25), (-0.74469980540751, 0.48626217087305057, -0.10189332813024521, -0.009854868054389954, 0.25), (-0.20109777966081094, -2.1017991282481594, 0.001094132661819458, -0.010278690606355667, 0.25)]
Future [(0.3381675534805959, 0.19188494068979617, 0.0, 0.0, 0.25), (-0.683865997372852, 0.5233865494797274, 0.0, 0.0, 0.25), (-0.11483031579791492, -2.2520043492752952, 0.0, 0.0, 0.25)]
Future [(0.3381675534805959, 0.19188494068979617, 0.0, 0.0, 0.25), (-0.683865997372852, 0.5233865494797274, 0.0, 0.0, 0.25), (-0.11483031579791492, -2.2520043492752952, 0.0, 0.0, 0.25)]
Future [(0.3381675534805959, 0.19188494068979617, 0.0, 0.0, 0.25), (-0.683865997372852, 0.5233865494797274, 0.0, 0.0, 0.25), (-0.11483031579791492, -2.2520043492752952, 0.0, 0.0, 0.25)]
Future [(0.3381675534805959, 0.19188494068979617, 0.0, 0.0, 0.25), (-0.683865997372852, 0.5233865494797274, 0.0, 0.0, 0.25), (-0.11483031579791492, -2.2520043492752952, 0.0, 0.0, 0.25)]
Future [(0.3381675534805959, 0.19188494068979617, 0.0, 0.0, 0.25), (-0.683865997372852, 0.5233865494797274, 0.0, 0.0, 0.25), (-0.11483031579791492, -2.2520043492752952, 0.0, 0.0, 0.25)]
Future [(0.3381675534805959, 0.19188494068979617, 0.0, 0.0, 0.25), (-0.683865997372852, 0.5233865494797274, 0.0, 0.0, 0.25), (-0.11483031579791492, -2.2520043492752952, 0.0, 0.0, 0.25)]
Future [(0.3381675534805959, 0.19188494068979617, 0.0, 0.0, 0.25), (-0.683865997372852, 0.5233865494797274, 0.0, 0.0, 0.25), (-0.11483031579791492, -2.2520043492752952, 0.0, 0.0, 0.25)]
Future [(0.3381675534805959, 0.19188494068979617, 0.0, 0.0, 0.25), (-0.683865997372852, 0.5233865494797274, 0.0, 0.0, 0.25), (-0.11483031579791492, -2.2520043492752952, 0.0, 0.0, 0.25)]
Future [(0.3381675534805959, 0.19188494068979617, 0.0, 0.0, 0.25), (-0.683865997372852, 0.5233865494797274, 0.0, 0.0, 0.25), (-0.11483031579791492, -2.2520043492752952, 0.0, 0.0, 0.25)]
Future [(0.3381675534805959, 0.19188494068979617, 0.0, 0.0, 0.25), (-0.683865997372852, 0.5233865494797274, 0.0, 0.0, 0.25), (-0.11483031579791492, -2.2520043492752952, 0.0, 0.0, 0.25)]
Future [(0.3350348534918135, 0.1967096810363173, 0.0, 0.0, 0.25), (-0.6941131049680573, 0.5453624262431904, 0.0, 0.0, 0.25), (-0.0493091202670235, -2.3723672792751236, 0.0, 0.0, 0.25)]
Future [(0.3350348534918135, 0.1967096810363173, 0.0, 0.0, 0.25), (-0.6941131049680573, 0.5453624262431904, 0.0, 0.0, 0.25), (-0.0493091202670235, -2.3723672792751236, 0.0, 0.0, 0.25)]
Future [(0.3350348534918135, 0.1967096810363173, 0.0, 0.0, 0.25), (-0.6941131049680573, 0.5453624262431904, 0.0, 0.0, 0.25), (-0.0493091202670235, -2.3723672792751236, 0.0, 0.0, 0.25)]
Future [(0.3350348534918135, 0.1967096810363173, 0.0, 0.0, 0.25), (-0.6941131049680573, 0.5453624262431904, 0.0, 0.0, 0.25), (-0.0493091202670235, -2.3723672792751236, 0.0, 0.0, 0.25)]
Future [(0.3350348534918135, 0.1967096810363173, 0.0, 0.0, 0.25), (-0.6941131049680573, 0.5453624262431904, 0.0, 0.0, 0.25), (-0.0493091202670235, -2.3723672792751236, 0.0, 0.0, 0.25)]
Future [(0.3350348534918135, 0.1967096810363173, 0.0, 0.0, 0.25), (-0.6941131049680573, 0.5453624262431904, 0.0, 0.0, 0.25), (-0.0493091202670235, -2.3723672792751236, 0.0, 0.0, 0.25)]
Future [(0.3350348534918135, 0.1967096810363173, 0.0, 0.0, 0.25), (-0.6941131049680573, 0.5453624262431904, 0.0, 0.0, 0.25), (-0.0493091202670235, -2.3723672792751236, 0.0, 0.0, 0.25)]
Future [(0.3350348534918135, 0.1967096810363173, 0.0, 0.0, 0.25), (-0.6941131049680573, 0.5453624262431904, 0.0, 0.0, 0.25), (-0.0493091202670235, -2.3723672792751236, 0.0, 0.0, 0.25)]
Future [(0.3350348534918135, 0.1967096810363173, 0.0, 0.0, 0.25), (-0.6941131049680573, 0.5453624262431904, 0.0, 0.0, 0.25), (-0.0493091202670235, -2.3723672792751236, 0.0, 0.0, 0.25)]
Future [(0.3350348534918135, 0.1967096810363173, 0.0, 0.0, 0.25), (-0.6941131049680573, 0.5453624262431904, 0.0, 0.0, 0.25), (-0.0493091202670235, -2.3723672792751236, 0.0, 0.0, 0.25)]
Future [(0.3396463829016989, 0.20006716248057183, 0.0, 0.0, 0.25), (-0.7017984351988, 0.561844334281449, 0.0, 0.0, 0.25), (-0.00016822361885493464, -2.4626394749123497, 0.0, 0.0, 0.25)]
Future [(0.3396463829016989, 0.20006716248057183, 0.0, 0.0, 0.25), (-0.7017984351988, 0.561844334281449, 0.0, 0.0, 0.25), (-0.00016822361885493464, -2.4626394749123497, 0.0, 0.0, 0.25)]
Future [(0.3396463829016989, 0.20006716248057183, 0.0, 0.0, 0.25), (-0.7017984351988, 0.561844334281449, 0.0, 0.0, 0.25), (-0.00016822361885493464, -2.4626394749123497, 0.0, 0.0, 0.25)]
Future [(0.3396463829016989, 0.20006716248057183, 0.0, 0.0, 0.25), (-0.7017984351988, 0.561844334281449, 0.0, 0.0, 0.25), (-0.00016822361885493464, -2.4626394749123497, 0.0, 0.0, 0.25)]
Future [(0.3396463829016989, 0.20006716248057183, 0.0, 0.0, 0.25), (-0.7017984351988, 0.561844334281449, 0.0, 0.0, 0.25), (-0.00016822361885493464, -2.4626394749123497, 0.0, 0.0, 0.25)]
Future [(0.3396463829016989, 0.20006716248057183, 0.0, 0.0, 0.25), (-0.7017984351988, 0.561844334281449, 0.0, 0.0, 0.25), (-0.00016822361885493464, -2.4626394749123497, 0.0, 0.0, 0.25)]
Future [(0.3396463829016989, 0.20006716248057183, 0.0, 0.0, 0.25), (-0.7017984351988, 0.561844334281449, 0.0, 0.0, 0.25), (-0.00016822361885493464, -2.4626394749123497, 0.0, 0.0, 0.25)]
Future [(0.3396463829016989, 0.20006716248057183, 0.0, 0.0, 0.25), (-0.7017984351988, 0.561844334281449, 0.0, 0.0, 0.25), (-0.00016822361885493464, -2.4626394749123497, 0.0, 0.0, 0.25)]
Future [(0.3396463829016989, 0.20006716248057183, 0.0, 0.0, 0.25), (-0.7017984351988, 0.561844334281449, 0.0, 0.0, 0.25), (-0.00016822361885493464, -2.4626394749123497, 0.0, 0.0, 0.25)]
Future [(0.3396463829016989, 0.20006716248057183, 0.0, 0.0, 0.25), (-0.7017984351988, 0.561844334281449, 0.0, 0.0, 0.25), (-0.00016822361885493464, -2.4626394749123497, 0.0, 0.0, 0.25)]
Future [(0.33614397555764075, 0.2028463473211914, 0.0, 0.0, 0.25), (-0.7075624329882724, 0.5742057657758042, 0.0, 0.0, 0.25), (0.03668745166123921, -2.5303436235029144, 0.0, 0.0, 0.25)]
Future [(0.33614397555764075, 0.2028463473211914, 0.0, 0.0, 0.25), (-0.7075624329882724, 0.5742057657758042, 0.0, 0.0, 0.25), (0.03668745166123921, -2.5303436235029144, 0.0, 0.0, 0.25)]
Future [(0.33614397555764075, 0.2028463473211914, 0.0, 0.0, 0.25), (-0.7075624329882724, 0.5742057657758042, 0.0, 0.0, 0.25), (0.03668745166123921, -2.5303436235029144, 0.0, 0.0, 0.25)]
Future [(0.33614397555764075, 0.2028463473211914, 0.0, 0.0, 0.25), (-0.7075624329882724, 0.5742057657758042, 0.0, 0.0, 0.25), (0.03668745166123921, -2.5303436235029144, 0.0, 0.0, 0.25)]
Future [(0.33614397555764075, 0.2028463473211914, 0.0, 0.0, 0.25), (-0.7075624329882724, 0.5742057657758042, 0.0, 0.0, 0.25), (0.03668745166123921, -2.5303436235029144, 0.0, 0.0, 0.25)]
Future [(0.33614397555764075, 0.2028463473211914, 0.0, 0.0, 0.25), (-0.7075624329882724, 0.5742057657758042, 0.0, 0.0, 0.25), (0.03668745166123921, -2.5303436235029144, 0.0, 0.0, 0.25)]
Future [(0.33614397555764075, 0.2028463473211914, 0.0, 0.0, 0.25), (-0.7075624329882724, 0.5742057657758042, 0.0, 0.0, 0.25), (0.03668745166123921, -2.5303436235029144, 0.0, 0.0, 0.25)]
Future [(0.33614397555764075, 0.2028463473211914, 0.0, 0.0, 0.25), (-0.7075624329882724, 0.5742057657758042, 0.0, 0.0, 0.25), (0.03668745166123921, -2.5303436235029144, 0.0, 0.0, 0.25)]
Future [(0.33614397555764075, 0.2028463473211914, 0.0, 0.0, 0.25), (-0.7075624329882724, 0.5742057657758042, 0.0, 0.0, 0.25), (0.03668745166123921, -2.5303436235029144, 0.0, 0.0, 0.25)]
Future [(0.33614397555764075, 0.2028463473211914, 0.0, 0.0, 0.25), (-0.7075624329882724, 0.5742057657758042, 0.0, 0.0, 0.25), (0.03668745166123921, -2.5303436235029144, 0.0, 0.0, 0.25)]
Future [(0.3335171699913895, 0.20493073595165606, 0.0, 0.0, 0.25), (-0.7118854312139613, 0.5834768389309093, 0.0, 0.0, 0.25), (0.06432920625866467, -2.581121733083193, 0.0, 0.0, 0.25)]
Future [(0.3335171699913895, 0.20493073595165606, 0.0, 0.0, 0.25), (-0.7118854312139613, 0.5834768389309093, 0.0, 0.0, 0.25), (0.06432920625866467, -2.581121733083193, 0.0, 0.0, 0.25)]
Future [(0.3335171699913895, 0.20493073595165606, 0.0, 0.0, 0.25), (-0.7118854312139613, 0.5834768389309093, 0.0, 0.0, 0.25), (0.06432920625866467, -2.581121733083193, 0.0, 0.0, 0.25)]
Future [(0.3335171699913895, 0.20493073595165606, 0.0, 0.0, 0.25), (-0.7118854312139613, 0.5834768389309093, 0.0, 0.0, 0.25), (0.06432920625866467, -2.581121733083193, 0.0, 0.0, 0.25)]
Future [(0.3335171699913895, 0.20493073595165606, 0.0, 0.0, 0.25), (-0.7118854312139613, 0.5834768389309093, 0.0, 0.0, 0.25), (0.06432920625866467, -2.581121733083193, 0.0, 0.0, 0.25)]
Future [(0.3335171699913895, 0.20493073595165606, 0.0, 0.0, 0.25), (-0.7118854312139613, 0.5834768389309093, 0.0, 0.0, 0.25), (0.06432920625866467, -2.581121733083193, 0.0, 0.0, 0.25)]
Future [(0.3335171699913895, 0.20493073595165606, 0.0, 0.0, 0.25), (-0.7118854312139613, 0.5834768389309093, 0.0, 0.0, 0.25), (0.06432920625866467, -2.581121733083193, 0.0, 0.0, 0.25)]
Future [(0.3335171699913895, 0.20493073595165606, 0.0, 0.0, 0.25), (-0.7118854312139613, 0.5834768389309093, 0.0, 0.0, 0.25), (0.06432920625866467, -2.581121733083193, 0.0, 0.0, 0.25)]
Future [(0.3335171699913895, 0.20493073595165606, 0.0, 0.0, 0.25), (-0.7118854312139613, 0.5834768389309093, 0.0, 0.0, 0.25), (0.06432920625866467, -2.581121733083193, 0.0, 0.0, 0.25)]
Future [(0.3335171699913895, 0.20493073595165606, 0.0, 0.0, 0.25), (-0.7118854312139613, 0.5834768389309093, 0.0, 0.0, 0.25), (0.06432920625866467, -2.581121733083193, 0.0, 0.0, 0.25)]
Future [(0.331547065816701, 0.2064940273662969, 0.0, 0.0, 0.25), (-0.715127679883228, 0.5904301440300688, 0.0, 0.0, 0.25), (0.08506052313805634, -2.619205316199724, 0.0, 0.0, 0.25)]
Future [(0.331547065816701, 0.2064940273662969, 0.0, 0.0, 0.25), (-0.715127679883228, 0.5904301440300688, 0.0, 0.0, 0.25), (0.08506052313805634, -2.619205316199724, 0.0, 0.0, 0.25)]
Future [(0.331547065816701, 0.2064940273662969, 0.0, 0.0, 0.25), (-0.715127679883228, 0.5904301440300688, 0.0, 0.0, 0.25), (0.08506052313805634, -2.619205316199724, 0.0, 0.0, 0.25)]
Future [(0.331547065816701, 0.2064940273662969, 0.0, 0.0, 0.25), (-0.715127679883228, 0.5904301440300688, 0.0, 0.0, 0.25), (0.08506052313805634, -2.619205316199724, 0.0, 0.0, 0.25)]
Future [(0.331547065816701, 0.2064940273662969, 0.0, 0.0, 0.25), (-0.715127679883228, 0.5904301440300688, 0.0, 0.0, 0.25), (0.08506052313805634, -2.619205316199724, 0.0, 0.0, 0.25)]
Future [(0.331547065816701, 0.2064940273662969, 0.0, 0.0, 0.25), (-0.715127679883228, 0.5904301440300688, 0.0, 0.0, 0.25), (0.08506052313805634, -2.619205316199724, 0.0, 0.0, 0.25)]
Future [(0.331547065816701, 0.2064940273662969, 0.0, 0.0, 0.25), (-0.715127679883228, 0.5904301440300688, 0.0, 0.0, 0.25), (0.08506052313805634, -2.619205316199724, 0.0, 0.0, 0.25)]
Future [(0.331547065816701, 0.2064940273662969, 0.0, 0.0, 0.25), (-0.715127679883228, 0.5904301440300688, 0.0, 0.0, 0.25), (0.08506052313805634, -2.619205316199724, 0.0, 0.0, 0.25)]
Future [(0.331547065816701, 0.2064940273662969, 0.0, 0.0, 0.25), (-0.715127679883228, 0.5904301440300688, 0.0, 0.0, 0.25), (0.08506052313805634, -2.619205316199724, 0.0, 0.0, 0.25)]
Future [(0.331547065816701, 0.2064940273662969, 0.0, 0.0, 0.25), (-0.715127679883228, 0.5904301440300688, 0.0, 0.0, 0.25), (0.08506052313805634, -2.619205316199724, 0.0, 0.0, 0.25)]
Future [(0.33006948774389233, 0.20766649601458903, 0.0, 0.0, 0.25), (-0.717559366385178, 0.5956451229708537, 0.0, 0.0, 0.25), (0.10060901033193881, -2.6477680016744776, 0.0, 0.0, 0.25)]
Future [(0.33006948774389233, 0.20766649601458903, 0.0, 0.0, 0.25), (-0.717559366385178, 0.5956451229708537, 0.0, 0.0, 0.25), (0.10060901033193881, -2.6477680016744776, 0.0, 0.0, 0.25)]
Future [(0.33006948774389233, 0.20766649601458903, 0.0, 0.0, 0.25), (-0.717559366385178, 0.5956451229708537, 0.0, 0.0, 0.25), (0.10060901033193881, -2.6477680016744776, 0.0, 0.0, 0.25)]
Future [(0.33006948774389233, 0.20766649601458903, 0.0, 0.0, 0.25), (-0.717559366385178, 0.5956451229708537, 0.0, 0.0, 0.25), (0.10060901033193881, -2.6477680016744776, 0.0, 0.0, 0.25)]
Future [(0.33006948774389233, 0.20766649601458903, 0.0, 0.0, 0.25), (-0.717559366385178, 0.5956451229708537, 0.0, 0.0, 0.25), (0.10060901033193881, -2.6477680016744776, 0.0, 0.0, 0.25)]
Future [(0.33006948774389233, 0.20766649601458903, 0.0, 0.0, 0.25), (-0.717559366385178, 0.5956451229708537, 0.0, 0.0, 0.25), (0.10060901033193881, -2.6477680016744776, 0.0, 0.0, 0.25)]
Future [(0.33006948774389233, 0.20766649601458903, 0.0, 0.0, 0.25), (-0.717559366385178, 0.5956451229708537, 0.0, 0.0, 0.25), (0.10060901033193881, -2.6477680016744776, 0.0, 0.0, 0.25)]
Future [(0.33006948774389233, 0.20766649601458903, 0.0, 0.0, 0.25), (-0.717559366385178, 0.5956451229708537, 0.0, 0.0, 0.25), (0.10060901033193881, -2.6477680016744776, 0.0, 0.0, 0.25)]
Future [(0.33006948774389233, 0.20766649601458903, 0.0, 0.0, 0.25), (-0.717559366385178, 0.5956451229708537, 0.0, 0.0, 0.25), (0.10060901033193881, -2.6477680016744776, 0.0, 0.0, 0.25)]
Future [(0.33006948774389233, 0.20766649601458903, 0.0, 0.0, 0.25), (-0.717559366385178, 0.5956451229708537, 0.0, 0.0, 0.25), (0.10060901033193881, -2.6477680016744776, 0.0, 0.0, 0.25)]
Future [(0.32896130410197433, 0.2085458474717043, 0.0, 0.0, 0.25), (-0.7193831313780559, 0.5995563569436118, 0.0, 0.0, 0.25), (0.11227037502885873, -2.6691900171775265, 0.0, 0.0, 0.25)]
Future [(0.32896130410197433, 0.2085458474717043, 0.0, 0.0, 0.25), (-0.7193831313780559, 0.5995563569436118, 0.0, 0.0, 0.25), (0.11227037502885873, -2.6691900171775265, 0.0, 0.0, 0.25)]
Future [(0.32896130410197433, 0.2085458474717043, 0.0, 0.0, 0.25), (-0.7193831313780559, 0.5995563569436118, 0.0, 0.0, 0.25), (0.11227037502885873, -2.6691900171775265, 0.0, 0.0, 0.25)]
Future [(0.32896130410197433, 0.2085458474717043, 0.0, 0.0, 0.25), (-0.7193831313780559, 0.5995563569436118, 0.0, 0.0, 0.25), (0.11227037502885873, -2.6691900171775265, 0.0, 0.0, 0.25)]
Future [(0.32896130410197433, 0.2085458474717043, 0.0, 0.0, 0.25), (-0.7193831313780559, 0.5995563569436118, 0.0, 0.0, 0.25), (0.11227037502885873, -2.6691900171775265, 0.0, 0.0, 0.25)]
Future [(0.32896130410197433, 0.2085458474717043, 0.0, 0.0, 0.25), (-0.7193831313780559, 0.5995563569436118, 0.0, 0.0, 0.25), (0.11227037502885873, -2.6691900171775265, 0.0, 0.0, 0.25)]
Future [(0.32896130410197433, 0.2085458474717043, 0.0, 0.0, 0.25), (-0.7193831313780559, 0.5995563569436118, 0.0, 0.0, 0.25), (0.11227037502885873, -2.6691900171775265, 0.0, 0.0, 0.25)]
Future [(0.32896130410197433, 0.2085458474717043, 0.0, 0.0, 0.25), (-0.7193831313780559, 0.5995563569436118, 0.0, 0.0, 0.25), (0.11227037502885873, -2.6691900171775265, 0.0, 0.0, 0.25)]
Future [(0.32896130410197433, 0.2085458474717043, 0.0, 0.0, 0.25), (-0.7193831313780559, 0.5995563569436118, 0.0, 0.0, 0.25), (0.11227037502885873, -2.6691900171775265, 0.0, 0.0, 0.25)]
Future [(0.32896130410197433, 0.2085458474717043, 0.0, 0.0, 0.25), (-0.7193831313780559, 0.5995563569436118, 0.0, 0.0, 0.25), (0.11227037502885873, -2.6691900171775265, 0.0, 0.0, 0.25)]
Future [(0.32813016639963966, 0.20920536104998882, 0.0, 0.0, 0.25), (-0.7207509550645066, 0.6024897825395956, 0.0, 0.0, 0.25), (0.1210163992500406, -2.6852565274078293, 0.0, 0.0, 0.25)]
Future [(0.32813016639963966, 0.20920536104998882, 0.0, 0.0, 0.25), (-0.7207509550645066, 0.6024897825395956, 0.0, 0.0, 0.25), (0.1210163992500406, -2.6852565274078293, 0.0, 0.0, 0.25)]
Future [(0.32813016639963966, 0.20920536104998882, 0.0, 0.0, 0.25), (-0.7207509550645066, 0.6024897825395956, 0.0, 0.0, 0.25), (0.1210163992500406, -2.6852565274078293, 0.0, 0.0, 0.25)]
Future [(0.32813016639963966, 0.20920536104998882, 0.0, 0.0, 0.25), (-0.7207509550645066, 0.6024897825395956, 0.0, 0.0, 0.25), (0.1210163992500406, -2.6852565274078293, 0.0, 0.0, 0.25)]
Future [(0.32813016639963966, 0.20920536104998882, 0.0, 0.0, 0.25), (-0.7207509550645066, 0.6024897825395956, 0.0, 0.0, 0.25), (0.1210163992500406, -2.6852565274078293, 0.0, 0.0, 0.25)]
Future [(0.32813016639963966, 0.20920536104998882, 0.0, 0.0, 0.25), (-0.7207509550645066, 0.6024897825395956, 0.0, 0.0, 0.25), (0.1210163992500406, -2.6852565274078293, 0.0, 0.0, 0.25)]
Future [(0.32813016639963966, 0.20920536104998882, 0.0, 0.0, 0.25), (-0.7207509550645066, 0.6024897825395956, 0.0, 0.0, 0.25), (0.1210163992500406, -2.6852565274078293, 0.0, 0.0, 0.25)]
Future [(0.32813016639963966, 0.20920536104998882, 0.0, 0.0, 0.25), (-0.7207509550645066, 0.6024897825395956, 0.0, 0.0, 0.25), (0.1210163992500406, -2.6852565274078293, 0.0, 0.0, 0.25)]
Future [(0.32813016639963966, 0.20920536104998882, 0.0, 0.0, 0.25), (-0.7207509550645066, 0.6024897825395956, 0.0, 0.0, 0.25), (0.1210163992500406, -2.6852565274078293, 0.0, 0.0, 0.25)]
Future [(0.32813016639963966, 0.20920536104998882, 0.0, 0.0, 0.25), (-0.7207509550645066, 0.6024897825395956, 0.0, 0.0, 0.25), (0.1210163992500406, -2.6852565274078293, 0.0, 0.0, 0.25)]
Future [(0.3275068131665444, 0.20969999624825414, 0.0, 0.0, 0.25), (-0.7217768228293446, 0.6046898516783759, 0.0, 0.0, 0.25), (0.1275759169502657, -2.697306411011879, 0.0, 0.0, 0.25)]
Future [(0.3275068131665444, 0.20969999624825414, 0.0, 0.0, 0.25), (-0.7217768228293446, 0.6046898516783759, 0.0, 0.0, 0.25), (0.1275759169502657, -2.697306411011879, 0.0, 0.0, 0.25)]
Future [(0.3275068131665444, 0.20969999624825414, 0.0, 0.0, 0.25), (-0.7217768228293446, 0.6046898516783759, 0.0, 0.0, 0.25), (0.1275759169502657, -2.697306411011879, 0.0, 0.0, 0.25)]
Future [(0.3275068131665444, 0.20969999624825414, 0.0, 0.0, 0.25), (-0.7217768228293446, 0.6046898516783759, 0.0, 0.0, 0.25), (0.1275759169502657, -2.697306411011879, 0.0, 0.0, 0.25)]
Future [(0.3275068131665444, 0.20969999624825414, 0.0, 0.0, 0.25), (-0.7217768228293446, 0.6046898516783759, 0.0, 0.0, 0.25), (0.1275759169502657, -2.697306411011879, 0.0, 0.0, 0.25)]
Future [(0.3275068131665444, 0.20969999624825414, 0.0, 0.0, 0.25), (-0.7217768228293446, 0.6046898516783759, 0.0, 0.0, 0.25), (0.1275759169502657, -2.697306411011879, 0.0, 0.0, 0.25)]
Future [(0.3275068131665444, 0.20969999624825414, 0.0, 0.0, 0.25), (-0.7217768228293446, 0.6046898516783759, 0.0, 0.0, 0.25), (0.1275759169502657, -2.697306411011879, 0.0, 0.0, 0.25)]
Future [(0.3275068131665444, 0.20969999624825414, 0.0, 0.0, 0.25), (-0.7217768228293446, 0.6046898516783759, 0.0, 0.0, 0.25), (0.1275759169502657, -2.697306411011879, 0.0, 0.0, 0.25)]
Future [(0.3275068131665444, 0.20969999624825414, 0.0, 0.0, 0.25), (-0.7217768228293446, 0.6046898516783759, 0.0, 0.0, 0.25), (0.1275759169502657, -2.697306411011879, 0.0, 0.0, 0.25)]
Future [(0.3275068131665444, 0.20969999624825414, 0.0, 0.0, 0.25), (-0.7217768228293446, 0.6046898516783759, 0.0, 0.0, 0.25), (0.1275759169502657, -2.697306411011879, 0.0, 0.0, 0.25)]
Future [(0.32703929822717104, 0.21007097264695312, 0.0, 0.0, 0.25), (-0.722546223682077, 0.6063399034742534, 0.0, 0.0, 0.25), (0.13249555534184987, -2.706343823714916, 0.0, 0.0, 0.25)]
Future [(0.32703929822717104, 0.21007097264695312, 0.0, 0.0, 0.25), (-0.722546223682077, 0.6063399034742534, 0.0, 0.0, 0.25), (0.13249555534184987, -2.706343823714916, 0.0, 0.0, 0.25)]
Future [(0.32703929822717104, 0.21007097264695312, 0.0, 0.0, 0.25), (-0.722546223682077, 0.6063399034742534, 0.0, 0.0, 0.25), (0.13249555534184987, -2.706343823714916, 0.0, 0.0, 0.25)]
Future [(0.32703929822717104, 0.21007097264695312, 0.0, 0.0, 0.25), (-0.722546223682077, 0.6063399034742534, 0.0, 0.0, 0.25), (0.13249555534184987, -2.706343823714916, 0.0, 0.0, 0.25)]
Future [(0.32703929822717104, 0.21007097264695312, 0.0, 0.0, 0.25), (-0.722546223682077, 0.6063399034742534, 0.0, 0.0, 0.25), (0.13249555534184987, -2.706343823714916, 0.0, 0.0, 0.25)]
Future [(0.32703929822717104, 0.21007097264695312, 0.0, 0.0, 0.25), (-0.722546223682077, 0.6063399034742534, 0.0, 0.0, 0.25), (0.13249555534184987, -2.706343823714916, 0.0, 0.0, 0.25)]
Future [(0.32703929822717104, 0.21007097264695312, 0.0, 0.0, 0.25), (-0.722546223682077, 0.6063399034742534, 0.0, 0.0, 0.25), (0.13249555534184987, -2.706343823714916, 0.0, 0.0, 0.25)]
Future [(0.32703929822717104, 0.21007097264695312, 0.0, 0.0, 0.25), (-0.722546223682077, 0.6063399034742534, 0.0, 0.0, 0.25), (0.13249555534184987, -2.706343823714916, 0.0, 0.0, 0.25)]
Future [(0.32703929822717104, 0.21007097264695312, 0.0, 0.0, 0.25), (-0.722546223682077, 0.6063399034742534, 0.0, 0.0, 0.25), (0.13249555534184987, -2.706343823714916, 0.0, 0.0, 0.25)]
Future [(0.32703929822717104, 0.21007097264695312, 0.0, 0.0, 0.25), (-0.722546223682077, 0.6063399034742534, 0.0, 0.0, 0.25), (0.13249555534184987, -2.706343823714916, 0.0, 0.0, 0.25)]
Future [(0.326688662029917, 0.21034920494597736, 0.0, 0.0, 0.25), (-0.7231232743507301, 0.6075774423502653, 0.0, 0.0, 0.25), (0.1361852842519533, -2.713121882776533, 0.0, 0.0, 0.25)]
Future [(0.326688662029917, 0.21034920494597736, 0.0, 0.0, 0.25), (-0.7231232743507301, 0.6075774423502653, 0.0, 0.0, 0.25), (0.1361852842519533, -2.713121882776533, 0.0, 0.0, 0.25)]
Future [(0.326688662029917, 0.21034920494597736, 0.0, 0.0, 0.25), (-0.7231232743507301, 0.6075774423502653, 0.0, 0.0, 0.25), (0.1361852842519533, -2.713121882776533, 0.0, 0.0, 0.25)]
Future [(0.326688662029917, 0.21034920494597736, 0.0, 0.0, 0.25), (-0.7231232743507301, 0.6075774423502653, 0.0, 0.0, 0.25), (0.1361852842519533, -2.713121882776533, 0.0, 0.0, 0.25)]
Future [(0.326688662029917, 0.21034920494597736, 0.0, 0.0, 0.25), (-0.7231232743507301, 0.6075774423502653, 0.0, 0.0, 0.25), (0.1361852842519533, -2.713121882776533, 0.0, 0.0, 0.25)]
Future [(0.326688662029917, 0.21034920494597736, 0.0, 0.0, 0.25), (-0.7231232743507301, 0.6075774423502653, 0.0, 0.0, 0.25), (0.1361852842519533, -2.713121882776533, 0.0, 0.0, 0.25)]
Future [(0.326688662029917, 0.21034920494597736, 0.0, 0.0, 0.25), (-0.7231232743507301, 0.6075774423502653, 0.0, 0.0, 0.25), (0.1361852842519533, -2.713121882776533, 0.0, 0.0, 0.25)]
Future [(0.326688662029917, 0.21034920494597736, 0.0, 0.0, 0.25), (-0.7231232743507301, 0.6075774423502653, 0.0, 0.0, 0.25), (0.1361852842519533, -2.713121882776533, 0.0, 0.0, 0.25)]
Future [(0.326688662029917, 0.21034920494597736, 0.0, 0.0, 0.25), (-0.7231232743507301, 0.6075774423502653, 0.0, 0.0, 0.25), (0.1361852842519533, -2.713121882776533, 0.0, 0.0, 0.25)]
Future [(0.326688662029917, 0.21034920494597736, 0.0, 0.0, 0.25), (-0.7231232743507301, 0.6075774423502653, 0.0, 0.0, 0.25), (0.1361852842519533, -2.713121882776533, 0.0, 0.0, 0.25)]
Future [(0.32642568488197643, 0.21055787916296959, 0.0, 0.0, 0.25), (-0.723556062337668, 0.6085055965072743, 0.0, 0.0, 0.25), (0.1389525807599079, -2.71820542695633, 0.0, 0.0, 0.25)]
Future [(0.32642568488197643, 0.21055787916296959, 0.0, 0.0, 0.25), (-0.723556062337668, 0.6085055965072743, 0.0, 0.0, 0.25), (0.1389525807599079, -2.71820542695633, 0.0, 0.0, 0.25)]
Future [(0.32642568488197643, 0.21055787916296959, 0.0, 0.0, 0.25), (-0.723556062337668, 0.6085055965072743, 0.0, 0.0, 0.25), (0.1389525807599079, -2.71820542695633, 0.0, 0.0, 0.25)]
Future [(0.32642568488197643, 0.21055787916296959, 0.0, 0.0, 0.25), (-0.723556062337668, 0.6085055965072743, 0.0, 0.0, 0.25), (0.1389525807599079, -2.71820542695633, 0.0, 0.0, 0.25)]
Future [(0.32642568488197643, 0.21055787916296959, 0.0, 0.0, 0.25), (-0.723556062337668, 0.6085055965072743, 0.0, 0.0, 0.25), (0.1389525807599079, -2.71820542695633, 0.0, 0.0, 0.25)]
Future [(0.32642568488197643, 0.21055787916296959, 0.0, 0.0, 0.25), (-0.723556062337668, 0.6085055965072743, 0.0, 0.0, 0.25), (0.1389525807599079, -2.71820542695633, 0.0, 0.0, 0.25)]
Future [(0.32642568488197643, 0.21055787916296959, 0.0, 0.0, 0.25), (-0.723556062337668, 0.6085055965072743, 0.0, 0.0, 0.25), (0.1389525807599079, -2.71820542695633, 0.0, 0.0, 0.25)]
Future [(0.32642568488197643, 0.21055787916296959, 0.0, 0.0, 0.25), (-0.723556062337668, 0.6085055965072743, 0.0, 0.0, 0.25), (0.1389525807599079, -2.71820542695633, 0.0, 0.0, 0.25)]
Future [(0.32642568488197643, 0.21055787916296959, 0.0, 0.0, 0.25), (-0.723556062337668, 0.6085055965072743, 0.0, 0.0, 0.25), (0.1389525807599079, -2.71820542695633, 0.0, 0.0, 0.25)]
Future [(0.32642568488197643, 0.21055787916296959, 0.0, 0.0, 0.25), (-0.723556062337668, 0.6085055965072743, 0.0, 0.0, 0.25), (0.1389525807599079, -2.71820542695633, 0.0, 0.0, 0.25)]
Future [(0.3262284520064691, 0.2107143848366277, 0.0, 0.0, 0.25), (-0.7238806533424234, 0.6092017121686868, 0.0, 0.0, 0.25), (0.14102805314087385, -2.7220180853240086, 0.0, 0.0, 0.25)]
Future [(0.3262284520064691, 0.2107143848366277, 0.0, 0.0, 0.25), (-0.7238806533424234, 0.6092017121686868, 0.0, 0.0, 0.25), (0.14102805314087385, -2.7220180853240086, 0.0, 0.0, 0.25)]
Future [(0.3262284520064691, 0.2107143848366277, 0.0, 0.0, 0.25), (-0.7238806533424234, 0.6092017121686868, 0.0, 0.0, 0.25), (0.14102805314087385, -2.7220180853240086, 0.0, 0.0, 0.25)]
Future [(0.3262284520064691, 0.2107143848366277, 0.0, 0.0, 0.25), (-0.7238806533424234, 0.6092017121686868, 0.0, 0.0, 0.25), (0.14102805314087385, -2.7220180853240086, 0.0, 0.0, 0.25)]
Future [(0.3262284520064691, 0.2107143848366277, 0.0, 0.0, 0.25), (-0.7238806533424234, 0.6092017121686868, 0.0, 0.0, 0.25), (0.14102805314087385, -2.7220180853240086, 0.0, 0.0, 0.25)]
Future [(0.3262284520064691, 0.2107143848366277, 0.0, 0.0, 0.25), (-0.7238806533424234, 0.6092017121686868, 0.0, 0.0, 0.25), (0.14102805314087385, -2.7220180853240086, 0.0, 0.0, 0.25)]
Future [(0.3262284520064691, 0.2107143848366277, 0.0, 0.0, 0.25), (-0.7238806533424234, 0.6092017121686868, 0.0, 0.0, 0.25), (0.14102805314087385, -2.7220180853240086, 0.0, 0.0, 0.25)]
Future [(0.3262284520064691, 0.2107143848366277, 0.0, 0.0, 0.25), (-0.7238806533424234, 0.6092017121686868, 0.0, 0.0, 0.25), (0.14102805314087385, -2.7220180853240086, 0.0, 0.0, 0.25)]
Future [(0.3262284520064691, 0.2107143848366277, 0.0, 0.0, 0.25), (-0.7238806533424234, 0.6092017121686868, 0.0, 0.0, 0.25), (0.14102805314087385, -2.7220180853240086, 0.0, 0.0, 0.25)]
Future [(0.3262284520064691, 0.2107143848366277, 0.0, 0.0, 0.25), (-0.7238806533424234, 0.6092017121686868, 0.0, 0.0, 0.25), (0.14102805314087385, -2.7220180853240086, 0.0, 0.0, 0.25)]
Future [(0.3260805273498386, 0.2108317640845953, 0.0, 0.0, 0.25), (-0.7241240965959899, 0.6097237989147462, 0.0, 0.0, 0.25), (0.14258465754301364, -2.72487757904156, 0.0, 0.0, 0.25)]
Future [(0.3260805273498386, 0.2108317640845953, 0.0, 0.0, 0.25), (-0.7241240965959899, 0.6097237989147462, 0.0, 0.0, 0.25), (0.14258465754301364, -2.72487757904156, 0.0, 0.0, 0.25)]
Future [(0.3260805273498386, 0.2108317640845953, 0.0, 0.0, 0.25), (-0.7241240965959899, 0.6097237989147462, 0.0, 0.0, 0.25), (0.14258465754301364, -2.72487757904156, 0.0, 0.0, 0.25)]
Future [(0.3260805273498386, 0.2108317640845953, 0.0, 0.0, 0.25), (-0.7241240965959899, 0.6097237989147462, 0.0, 0.0, 0.25), (0.14258465754301364, -2.72487757904156, 0.0, 0.0, 0.25)]
Future [(0.3260805273498386, 0.2108317640845953, 0.0, 0.0, 0.25), (-0.7241240965959899, 0.6097237989147462, 0.0, 0.0, 0.25), (0.14258465754301364, -2.72487757904156, 0.0, 0.0, 0.25)]
Future [(0.3260805273498386, 0.2108317640845953, 0.0, 0.0, 0.25), (-0.7241240965959899, 0.6097237989147462, 0.0, 0.0, 0.25), (0.14258465754301364, -2.72487757904156, 0.0, 0.0, 0.25)]
Future [(0.3260805273498386, 0.2108317640845953, 0.0, 0.0, 0.25), (-0.7241240965959899, 0.6097237989147462, 0.0, 0.0, 0.25), (0.14258465754301364, -2.72487757904156, 0.0, 0.0, 0.25)]
Future [(0.3260805273498386, 0.2108317640845953, 0.0, 0.0, 0.25), (-0.7241240965959899, 0.6097237989147462, 0.0, 0.0, 0.25), (0.14258465754301364, -2.72487757904156, 0.0, 0.0, 0.25)]
Future [(0.3260805273498386, 0.2108317640845953, 0.0, 0.0, 0.25), (-0.7241240965959899, 0.6097237989147462, 0.0, 0.0, 0.25), (0.14258465754301364, -2.72487757904156, 0.0, 0.0, 0.25)]
Future [(0.3260805273498386, 0.2108317640845953, 0.0, 0.0, 0.25), (-0.7241240965959899, 0.6097237989147462, 0.0, 0.0, 0.25), (0.14258465754301364, -2.72487757904156, 0.0, 0.0, 0.25)]
Future [(0.3259695838610037, 0.21091979852239, 0.0, 0.0, 0.25), (-0.7243066790398027, 0.6101153639451868, 0.0, 0.0, 0.25), (0.1437521107864108, -2.7270221993297232, 0.0, 0.0, 0.25)]
Future [(0.3259695838610037, 0.21091979852239, 0.0, 0.0, 0.25), (-0.7243066790398027, 0.6101153639451868, 0.0, 0.0, 0.25), (0.1437521107864108, -2.7270221993297232, 0.0, 0.0, 0.25)]
Future [(0.3259695838610037, 0.21091979852239, 0.0, 0.0, 0.25), (-0.7243066790398027, 0.6101153639451868, 0.0, 0.0, 0.25), (0.1437521107864108, -2.7270221993297232, 0.0, 0.0, 0.25)]
Future [(0.3259695838610037, 0.21091979852239, 0.0, 0.0, 0.25), (-0.7243066790398027, 0.6101153639451868, 0.0, 0.0, 0.25), (0.1437521107864108, -2.7270221993297232, 0.0, 0.0, 0.25)]
Future [(0.3259695838610037, 0.21091979852239, 0.0, 0.0, 0.25), (-0.7243066790398027, 0.6101153639451868, 0.0, 0.0, 0.25), (0.1437521107864108, -2.7270221993297232, 0.0, 0.0, 0.25)]
Future [(0.3259695838610037, 0.21091979852239, 0.0, 0.0, 0.25), (-0.7243066790398027, 0.6101153639451868, 0.0, 0.0, 0.25), (0.1437521107864108, -2.7270221993297232, 0.0, 0.0, 0.25)]
Future [(0.3259695838610037, 0.21091979852239, 0.0, 0.0, 0.25), (-0.7243066790398027, 0.6101153639451868, 0.0, 0.0, 0.25), (0.1437521107864108, -2.7270221993297232, 0.0, 0.0, 0.25)]
Future [(0.3259695838610037, 0.21091979852239, 0.0, 0.0, 0.25), (-0.7243066790398027, 0.6101153639451868, 0.0, 0.0, 0.25), (0.1437521107864108, -2.7270221993297232, 0.0, 0.0, 0.25)]
Future [(0.3259695838610037, 0.21091979852239, 0.0, 0.0, 0.25), (-0.7243066790398027, 0.6101153639451868, 0.0, 0.0, 0.25), (0.1437521107864108, -2.7270221993297232, 0.0, 0.0, 0.25)]
Future [(0.3259695838610037, 0.21091979852239, 0.0, 0.0, 0.25), (-0.7243066790398027, 0.6101153639451868, 0.0, 0.0, 0.25), (0.1437521107864108, -2.7270221993297232, 0.0, 0.0, 0.25)]
Future [(0.3258863762498345, 0.21098582435255503, 0.0, 0.0, 0.25), (-0.7244436158653864, 0.6104090377180174, 0.0, 0.0, 0.25), (0.14462770074806253, -2.728630664545846, 0.0, 0.0, 0.25)]
Future [(0.3258863762498345, 0.21098582435255503, 0.0, 0.0, 0.25), (-0.7244436158653864, 0.6104090377180174, 0.0, 0.0, 0.25), (0.14462770074806253, -2.728630664545846, 0.0, 0.0, 0.25)]
Future [(0.3258863762498345, 0.21098582435255503, 0.0, 0.0, 0.25), (-0.7244436158653864, 0.6104090377180174, 0.0, 0.0, 0.25), (0.14462770074806253, -2.728630664545846, 0.0, 0.0, 0.25)]
Future [(0.3258863762498345, 0.21098582435255503, 0.0, 0.0, 0.25), (-0.7244436158653864, 0.6104090377180174, 0.0, 0.0, 0.25), (0.14462770074806253, -2.728630664545846, 0.0, 0.0, 0.25)]
Future [(0.3258863762498345, 0.21098582435255503, 0.0, 0.0, 0.25), (-0.7244436158653864, 0.6104090377180174, 0.0, 0.0, 0.25), (0.14462770074806253, -2.728630664545846, 0.0, 0.0, 0.25)]
Future [(0.3258863762498345, 0.21098582435255503, 0.0, 0.0, 0.25), (-0.7244436158653864, 0.6104090377180174, 0.0, 0.0, 0.25), (0.14462770074806253, -2.728630664545846, 0.0, 0.0, 0.25)]
Future [(0.3258863762498345, 0.21098582435255503, 0.0, 0.0, 0.25), (-0.7244436158653864, 0.6104090377180174, 0.0, 0.0, 0.25), (0.14462770074806253, -2.728630664545846, 0.0, 0.0, 0.25)]
Future [(0.3258863762498345, 0.21098582435255503, 0.0, 0.0, 0.25), (-0.7244436158653864, 0.6104090377180174, 0.0, 0.0, 0.25), (0.14462770074806253, -2.728630664545846, 0.0, 0.0, 0.25)]
Future [(0.3258863762498345, 0.21098582435255503, 0.0, 0.0, 0.25), (-0.7244436158653864, 0.6104090377180174, 0.0, 0.0, 0.25), (0.14462770074806253, -2.728630664545846, 0.0, 0.0, 0.25)]
Future [(0.3258863762498345, 0.21098582435255503, 0.0, 0.0, 0.25), (-0.7244436158653864, 0.6104090377180174, 0.0, 0.0, 0.25), (0.14462770074806253, -2.728630664545846, 0.0, 0.0, 0.25)]
Future [(0.32582397053600065, 0.2110353437233598, 0.0, 0.0, 0.25), (-0.7245463184882122, 0.6106292930621922, 0.0, 0.0, 0.25), (0.14528439323385323, -2.729837013545249, 0.0, 0.0, 0.25)]
Future [(0.32582397053600065, 0.2110353437233598, 0.0, 0.0, 0.25), (-0.7245463184882122, 0.6106292930621922, 0.0, 0.0, 0.25), (0.14528439323385323, -2.729837013545249, 0.0, 0.0, 0.25)]
Future [(0.32582397053600065, 0.2110353437233598, 0.0, 0.0, 0.25), (-0.7245463184882122, 0.6106292930621922, 0.0, 0.0, 0.25), (0.14528439323385323, -2.729837013545249, 0.0, 0.0, 0.25)]
Future [(0.32582397053600065, 0.2110353437233598, 0.0, 0.0, 0.25), (-0.7245463184882122, 0.6106292930621922, 0.0, 0.0, 0.25), (0.14528439323385323, -2.729837013545249, 0.0, 0.0, 0.25)]
Future [(0.32582397053600065, 0.2110353437233598, 0.0, 0.0, 0.25), (-0.7245463184882122, 0.6106292930621922, 0.0, 0.0, 0.25), (0.14528439323385323, -2.729837013545249, 0.0, 0.0, 0.25)]
Future [(0.32582397053600065, 0.2110353437233598, 0.0, 0.0, 0.25), (-0.7245463184882122, 0.6106292930621922, 0.0, 0.0, 0.25), (0.14528439323385323, -2.729837013545249, 0.0, 0.0, 0.25)]
Future [(0.32582397053600065, 0.2110353437233598, 0.0, 0.0, 0.25), (-0.7245463184882122, 0.6106292930621922, 0.0, 0.0, 0.25), (0.14528439323385323, -2.729837013545249, 0.0, 0.0, 0.25)]
Future [(0.32582397053600065, 0.2110353437233598, 0.0, 0.0, 0.25), (-0.7245463184882122, 0.6106292930621922, 0.0, 0.0, 0.25), (0.14528439323385323, -2.729837013545249, 0.0, 0.0, 0.25)]
Future [(0.32582397053600065, 0.2110353437233598, 0.0, 0.0, 0.25), (-0.7245463184882122, 0.6106292930621922, 0.0, 0.0, 0.25), (0.14528439323385323, -2.729837013545249, 0.0, 0.0, 0.25)]
Future [(0.32582397053600065, 0.2110353437233598, 0.0, 0.0, 0.25), (-0.7245463184882122, 0.6106292930621922, 0.0, 0.0, 0.25), (0.14528439323385323, -2.729837013545249, 0.0, 0.0, 0.25)]
Future [(0.32577716625426323, 0.2110724832487349, 0.0, 0.0, 0.25), (-0.7246233454571505, 0.6107944845703233, 0.0, 0.0, 0.25), (0.14577691258364434, -2.730741775265698, 0.0, 0.0, 0.25)]
Future [(0.32577716625426323, 0.2110724832487349, 0.0, 0.0, 0.25), (-0.7246233454571505, 0.6107944845703233, 0.0, 0.0, 0.25), (0.14577691258364434, -2.730741775265698, 0.0, 0.0, 0.25)]
Future [(0.32577716625426323, 0.2110724832487349, 0.0, 0.0, 0.25), (-0.7246233454571505, 0.6107944845703233, 0.0, 0.0, 0.25), (0.14577691258364434, -2.730741775265698, 0.0, 0.0, 0.25)]
Future [(0.32577716625426323, 0.2110724832487349, 0.0, 0.0, 0.25), (-0.7246233454571505, 0.6107944845703233, 0.0, 0.0, 0.25), (0.14577691258364434, -2.730741775265698, 0.0, 0.0, 0.25)]
Future [(0.32577716625426323, 0.2110724832487349, 0.0, 0.0, 0.25), (-0.7246233454571505, 0.6107944845703233, 0.0, 0.0, 0.25), (0.14577691258364434, -2.730741775265698, 0.0, 0.0, 0.25)]
Future [(0.32577716625426323, 0.2110724832487349, 0.0, 0.0, 0.25), (-0.7246233454571505, 0.6107944845703233, 0.0, 0.0, 0.25), (0.14577691258364434, -2.730741775265698, 0.0, 0.0, 0.25)]
Future [(0.32577716625426323, 0.2110724832487349, 0.0, 0.0, 0.25), (-0.7246233454571505, 0.6107944845703233, 0.0, 0.0, 0.25), (0.14577691258364434, -2.730741775265698, 0.0, 0.0, 0.25)]
Future [(0.32577716625426323, 0.2110724832487349, 0.0, 0.0, 0.25), (-0.7246233454571505, 0.6107944845703233, 0.0, 0.0, 0.25), (0.14577691258364434, -2.730741775265698, 0.0, 0.0, 0.25)]
Future [(0.32577716625426323, 0.2110724832487349, 0.0, 0.0, 0.25), (-0.7246233454571505, 0.6107944845703233, 0.0, 0.0, 0.25), (0.14577691258364434, -2.730741775265698, 0.0, 0.0, 0.25)]
Future [(0.32574206304386966, 0.21110033789367572, 0.0, 0.0, 0.25), (-0.7246811156802162, 0.6109183781941456, 0.0, 0.0, 0.25), (0.14614630209598767, -2.7314203465560345, 0.0, 0.0, 0.25)]
Future [(0.32574206304386966, 0.21110033789367572, 0.0, 0.0, 0.25), (-0.7246811156802162, 0.6109183781941456, 0.0, 0.0, 0.25), (0.14614630209598767, -2.7314203465560345, 0.0, 0.0, 0.25)]
Future [(0.32574206304386966, 0.21110033789367572, 0.0, 0.0, 0.25), (-0.7246811156802162, 0.6109183781941456, 0.0, 0.0, 0.25), (0.14614630209598767, -2.7314203465560345, 0.0, 0.0, 0.25)]
Future [(0.32574206304386966, 0.21110033789367572, 0.0, 0.0, 0.25), (-0.7246811156802162, 0.6109183781941456, 0.0, 0.0, 0.25), (0.14614630209598767, -2.7314203465560345, 0.0, 0.0, 0.25)]
Future [(0.32574206304386966, 0.21110033789367572, 0.0, 0.0, 0.25), (-0.7246811156802162, 0.6109183781941456, 0.0, 0.0, 0.25), (0.14614630209598767, -2.7314203465560345, 0.0, 0.0, 0.25)]
Future [(0.32574206304386966, 0.21110033789367572, 0.0, 0.0, 0.25), (-0.7246811156802162, 0.6109183781941456, 0.0, 0.0, 0.25), (0.14614630209598767, -2.7314203465560345, 0.0, 0.0, 0.25)]
Future [(0.32574206304386966, 0.21110033789367572, 0.0, 0.0, 0.25), (-0.7246811156802162, 0.6109183781941456, 0.0, 0.0, 0.25), (0.14614630209598767, -2.7314203465560345, 0.0, 0.0, 0.25)]
Future [(0.32574206304386966, 0.21110033789367572, 0.0, 0.0, 0.25), (-0.7246811156802162, 0.6109183781941456, 0.0, 0.0, 0.25), (0.14614630209598767, -2.7314203465560345, 0.0, 0.0, 0.25)]
Future [(0.32574206304386966, 0.21110033789367572, 0.0, 0.0, 0.25), (-0.7246811156802162, 0.6109183781941456, 0.0, 0.0, 0.25), (0.14614630209598767, -2.7314203465560345, 0.0, 0.0, 0.25)]
Future [(0.32574206304386966, 0.21110033789367572, 0.0, 0.0, 0.25), (-0.7246811156802162, 0.6109183781941456, 0.0, 0.0, 0.25), (0.14614630209598767, -2.7314203465560345, 0.0, 0.0, 0.25)]
Future [(0.325715735635165, 0.21112122887783608, 0.0, 0.0, 0.25), (-0.7247244433493345, 0.6110112984156504, 0.0, 0.0, 0.25), (0.1464233442229692, -2.731929274994683, 0.0, 0.0, 0.25)]
Future [(0.325715735635165, 0.21112122887783608, 0.0, 0.0, 0.25), (-0.7247244433493345, 0.6110112984156504, 0.0, 0.0, 0.25), (0.1464233442229692, -2.731929274994683, 0.0, 0.0, 0.25)]
Future [(0.325715735635165, 0.21112122887783608, 0.0, 0.0, 0.25), (-0.7247244433493345, 0.6110112984156504, 0.0, 0.0, 0.25), (0.1464233442229692, -2.731929274994683, 0.0, 0.0, 0.25)]
Future [(0.325715735635165, 0.21112122887783608, 0.0, 0.0, 0.25), (-0.7247244433493345, 0.6110112984156504, 0.0, 0.0, 0.25), (0.1464233442229692, -2.731929274994683, 0.0, 0.0, 0.25)]
Future [(0.325715735635165, 0.21112122887783608, 0.0, 0.0, 0.25), (-0.7247244433493345, 0.6110112984156504, 0.0, 0.0, 0.25), (0.1464233442229692, -2.731929274994683, 0.0, 0.0, 0.25)]
Future [(0.325715735635165, 0.21112122887783608, 0.0, 0.0, 0.25), (-0.7247244433493345, 0.6110112984156504, 0.0, 0.0, 0.25), (0.1464233442229692, -2.731929274994683, 0.0, 0.0, 0.25)]
Future [(0.325715735635165, 0.21112122887783608, 0.0, 0.0, 0.25), (-0.7247244433493345, 0.6110112984156504, 0.0, 0.0, 0.25), (0.1464233442229692, -2.731929274994683, 0.0, 0.0, 0.25)]
Future [(0.325715735635165, 0.21112122887783608, 0.0, 0.0, 0.25), (-0.7247244433493345, 0.6110112984156504, 0.0, 0.0, 0.25), (0.1464233442229692, -2.731929274994683, 0.0, 0.0, 0.25)]
Future [(0.325715735635165, 0.21112122887783608, 0.0, 0.0, 0.25), (-0.7247244433493345, 0.6110112984156504, 0.0, 0.0, 0.25), (0.1464233442229692, -2.731929274994683, 0.0, 0.0, 0.25)]
Future [(0.325715735635165, 0.21112122887783608, 0.0, 0.0, 0.25), (-0.7247244433493345, 0.6110112984156504, 0.0, 0.0, 0.25), (0.1464233442229692, -2.731929274994683, 0.0, 0.0, 0.25)]
Future [(0.325695990077727, 0.21113689711595635, 0.0, 0.0, 0.25), (-0.7247569391002637, 0.611080988578141, 0.0, 0.0, 0.25), (0.14663112582548132, -2.7323109713527733, 0.0, 0.0, 0.25)]
Future [(0.325695990077727, 0.21113689711595635, 0.0, 0.0, 0.25), (-0.7247569391002637, 0.611080988578141, 0.0, 0.0, 0.25), (0.14663112582548132, -2.7323109713527733, 0.0, 0.0, 0.25)]
Future [(0.325695990077727, 0.21113689711595635, 0.0, 0.0, 0.25), (-0.7247569391002637, 0.611080988578141, 0.0, 0.0, 0.25), (0.14663112582548132, -2.7323109713527733, 0.0, 0.0, 0.25)]
Future [(0.325695990077727, 0.21113689711595635, 0.0, 0.0, 0.25), (-0.7247569391002637, 0.611080988578141, 0.0, 0.0, 0.25), (0.14663112582548132, -2.7323109713527733, 0.0, 0.0, 0.25)]
Future [(0.325695990077727, 0.21113689711595635, 0.0, 0.0, 0.25), (-0.7247569391002637, 0.611080988578141, 0.0, 0.0, 0.25), (0.14663112582548132, -2.7323109713527733, 0.0, 0.0, 0.25)]
Future [(0.325695990077727, 0.21113689711595635, 0.0, 0.0, 0.25), (-0.7247569391002637, 0.611080988578141, 0.0, 0.0, 0.25), (0.14663112582548132, -2.7323109713527733, 0.0, 0.0, 0.25)]
Future [(0.325695990077727, 0.21113689711595635, 0.0, 0.0, 0.25), (-0.7247569391002637, 0.611080988578141, 0.0, 0.0, 0.25), (0.14663112582548132, -2.7323109713527733, 0.0, 0.0, 0.25)]
Future [(0.325695990077727, 0.21113689711595635, 0.0, 0.0, 0.25), (-0.7247569391002637, 0.611080988578141, 0.0, 0.0, 0.25), (0.14663112582548132, -2.7323109713527733, 0.0, 0.0, 0.25)]
Future [(0.325695990077727, 0.21113689711595635, 0.0, 0.0, 0.25), (-0.7247569391002637, 0.611080988578141, 0.0, 0.0, 0.25), (0.14663112582548132, -2.7323109713527733, 0.0, 0.0, 0.25)]
Future [(0.325695990077727, 0.21113689711595635, 0.0, 0.0, 0.25), (-0.7247569391002637, 0.611080988578141, 0.0, 0.0, 0.25), (0.14663112582548132, -2.7323109713527733, 0.0, 0.0, 0.25)]
Future [(0.32568118091010323, 0.2111486482940918, 0.0, 0.0, 0.25), (-0.7247813109134607, 0.6111332562018279, 0.0, 0.0, 0.25), (0.14678696202372743, -2.732597243614065, 0.0, 0.0, 0.25)]
Future [(0.32568118091010323, 0.2111486482940918, 0.0, 0.0, 0.25), (-0.7247813109134607, 0.6111332562018279, 0.0, 0.0, 0.25), (0.14678696202372743, -2.732597243614065, 0.0, 0.0, 0.25)]
