
2024-09-21 01:02:55, ERROR: Solver failed with error: Error in Opti::solve [OptiNode] at .../casadi/core/optistack.cpp:157:
.../casadi/core/optistack_internal.cpp:996: Assertion "return_success(accept_limit)" failed:
Solver failed. You may use opti.debug.value to investigate the latest values of variables. return_status is 'Maximum_Iterations_Exceeded'
2024-09-21 01:02:55, INFO: Initial state: [ 0.0260065  -1.00428772  0.0260065   0.49571228]
2024-09-21 01:02:55, INFO: Control input: [-0.02055124 10.10745853]
2024-09-21 01:02:55, INFO: [TEST PHASE] Policy time: 0.25, v: 0.000 => displacement: 0.000
2024-09-21 01:02:55, INFO: agents [[(0.012916092574596406, -1.445236587524414, 0.12916092574596405, 0.5476341247558594, 0.15), (-0.17506198773512877, 0.03751660695000014, 0.0, 0.0, 0.25), (0.43867975746008586, 1.1466830987158587, 0.07329027354717255, 0.3617841601371765, 0.25), (-0.7026127912432927, 0.1822724173360959, -0.03457513824105263, -0.0009319931268692017, 0.25)], [(0.02583218514919281, -1.390473175048828, 0.12916092574596405, 0.5476341247558594, 0.15), (-0.17506198773512877, 0.03751660695000014, 0.0, 0.0, 0.25), (0.4460087848148031, 1.1828615147295765, 0.07329027354717255, 0.3617841601371765, 0.25), (-0.706070305067398, 0.18217921802340897, -0.03457513824105263, -0.0009319931268692017, 0.25)], [(0.03874827772378922, -1.335709762573242, 0.12916092574596405, 0.5476341247558594, 0.15), (-0.17506198773512877, 0.03751660695000014, 0.0, 0.0, 0.25), (0.45333781216952035, 1.2190399307432942, 0.07329027354717255, 0.3617841601371765, 0.25), (-0.7095278188915033, 0.18208601871072205, -0.03457513824105263, -0.0009319931268692017, 0.25)], [(0.05166437029838562, -1.280946350097656, 0.12916092574596405, 0.5476341247558594, 0.15), (-0.17506198773512877, 0.03751660695000014, 0.0, 0.0, 0.25), (0.4606668395242376, 1.255218346757012, 0.07329027354717255, 0.3617841601371765, 0.25), (-0.7129853327156086, 0.18199281939803513, -0.03457513824105263, -0.0009319931268692017, 0.25)], [(0.06458046287298203, -1.2261829376220699, 0.12916092574596405, 0.5476341247558594, 0.15), (-0.17506198773512877, 0.03751660695000014, 0.0, 0.0, 0.25), (0.46799586687895484, 1.2913967627707297, 0.07329027354717255, 0.3617841601371765, 0.25), (-0.7164428465397139, 0.1818996200853482, -0.03457513824105263, -0.0009319931268692017, 0.25)], [(0.07749655544757843, -1.1714195251464838, 0.12916092574596405, 0.5476341247558594, 0.15), (-0.17506198773512877, 0.03751660695000014, 0.0, 0.0, 0.25), (0.4753248942336721, 1.3275751787844474, 0.07329027354717255, 0.3617841601371765, 0.25), (-0.7199003603638192, 0.1818064207726613, -0.03457513824105263, -0.0009319931268692017, 0.25)], [(0.09041264802217483, -1.1166561126708978, 0.12916092574596405, 0.5476341247558594, 0.15), (-0.17506198773512877, 0.03751660695000014, 0.0, 0.0, 0.25), (0.4826539215883893, 1.3637535947981652, 0.07329027354717255, 0.3617841601371765, 0.25), (-0.7233578741879245, 0.18171322145997437, -0.03457513824105263, -0.0009319931268692017, 0.25)], [(0.10332874059677123, -1.0618927001953118, 0.12916092574596405, 0.5476341247558594, 0.15), (-0.17506198773512877, 0.03751660695000014, 0.0, 0.0, 0.25), (0.48998294894310657, 1.399932010811883, 0.07329027354717255, 0.3617841601371765, 0.25), (-0.7268153880120298, 0.18162002214728745, -0.03457513824105263, -0.0009319931268692017, 0.25)], [(0.11624483317136763, -1.0071292877197258, 0.12916092574596405, 0.5476341247558594, 0.15), (-0.17506198773512877, 0.03751660695000014, 0.0, 0.0, 0.25), (0.4973119762978238, 1.4361104268256006, 0.07329027354717255, 0.3617841601371765, 0.25), (-0.7302729018361351, 0.18152682283460053, -0.03457513824105263, -0.0009319931268692017, 0.25)], [(0.12916092574596405, -0.9523658752441398, 0.12916092574596405, 0.5476341247558594, 0.15), (-0.17506198773512877, 0.03751660695000014, 0.0, 0.0, 0.25), (0.504641003652541, 1.4722888428393184, 0.07329027354717255, 0.3617841601371765, 0.25), (-0.7337304156602404, 0.1814336235219136, -0.03457513824105263, -0.0009319931268692017, 0.25)]]
2024-09-21 01:02:55, INFO: Generated action: ActionXY(vx=-0.6885496038616457, vy=9.931698710096551)
2024-09-21 01:02:55, INFO: [TEST PHASE] Policy time: 0.50, v: 9.956 => displacement: 2.489
2024-09-21 01:02:55, INFO: agents [[(-0.17901379437299464, 1.0826879695983413, -0.06876393407583237, 0.9976329207420349, 0.15), (-0.1752963992522869, 0.17344127108974777, 0.024277444928884506, 0.003946244716644287, 0.25), (0.4037835543296022, 1.2910013604584505, 0.08947452902793884, 0.3458714485168457, 0.25), (-0.7145776365281122, 0.23474321314631852, 0.0, 0.0, 0.25)], [(-0.18589018778057786, 1.1824512616725449, -0.06876393407583237, 0.9976329207420349, 0.15), (-0.17286865475939844, 0.1738358955614122, 0.024277444928884506, 0.003946244716644287, 0.25), (0.4127310072323961, 1.325588505310135, 0.08947452902793884, 0.3458714485168457, 0.25), (-0.7145776365281122, 0.23474321314631852, 0.0, 0.0, 0.25)], [(-0.1927665811881611, 1.2822145537467484, -0.06876393407583237, 0.9976329207420349, 0.15), (-0.17044091026650998, 0.17423052003307665, 0.024277444928884506, 0.003946244716644287, 0.25), (0.42167846013518995, 1.3601756501618196, 0.08947452902793884, 0.3458714485168457, 0.25), (-0.7145776365281122, 0.23474321314631852, 0.0, 0.0, 0.25)], [(-0.19964297459574432, 1.381977845820952, -0.06876393407583237, 0.9976329207420349, 0.15), (-0.16801316577362152, 0.1746251445047411, 0.024277444928884506, 0.003946244716644287, 0.25), (0.4306259130379838, 1.3947627950135042, 0.08947452902793884, 0.3458714485168457, 0.25), (-0.7145776365281122, 0.23474321314631852, 0.0, 0.0, 0.25)], [(-0.20651936800332754, 1.4817411378951555, -0.06876393407583237, 0.9976329207420349, 0.15), (-0.16558542128073306, 0.17501976897640553, 0.024277444928884506, 0.003946244716644287, 0.25), (0.43957336594077767, 1.4293499398651888, 0.08947452902793884, 0.3458714485168457, 0.25), (-0.7145776365281122, 0.23474321314631852, 0.0, 0.0, 0.25)], [(-0.21339576141091077, 1.581504429969359, -0.06876393407583237, 0.9976329207420349, 0.15), (-0.1631576767878446, 0.17541439344806997, 0.024277444928884506, 0.003946244716644287, 0.25), (0.44852081884357153, 1.4639370847168733, 0.08947452902793884, 0.3458714485168457, 0.25), (-0.7145776365281122, 0.23474321314631852, 0.0, 0.0, 0.25)], [(-0.220272154818494, 1.6812677220435626, -0.06876393407583237, 0.9976329207420349, 0.15), (-0.16072993229495613, 0.1758090179197344, 0.024277444928884506, 0.003946244716644287, 0.25), (0.4574682717463654, 1.498524229568558, 0.08947452902793884, 0.3458714485168457, 0.25), (-0.7145776365281122, 0.23474321314631852, 0.0, 0.0, 0.25)], [(-0.22714854822607722, 1.781031014117766, -0.06876393407583237, 0.9976329207420349, 0.15), (-0.15830218780206767, 0.17620364239139885, 0.024277444928884506, 0.003946244716644287, 0.25), (0.46641572464915926, 1.5331113744202425, 0.08947452902793884, 0.3458714485168457, 0.25), (-0.7145776365281122, 0.23474321314631852, 0.0, 0.0, 0.25)], [(-0.23402494163366044, 1.8807943061919696, -0.06876393407583237, 0.9976329207420349, 0.15), (-0.1558744433091792, 0.1765982668630633, 0.024277444928884506, 0.003946244716644287, 0.25), (0.4753631775519531, 1.567698519271927, 0.08947452902793884, 0.3458714485168457, 0.25), (-0.7145776365281122, 0.23474321314631852, 0.0, 0.0, 0.25)], [(-0.24090133504124367, 1.9805575982661732, -0.06876393407583237, 0.9976329207420349, 0.15), (-0.15344669881629075, 0.17699289133472773, 0.024277444928884506, 0.003946244716644287, 0.25), (0.484310630454747, 1.6022856641236116, 0.08947452902793884, 0.3458714485168457, 0.25), (-0.7145776365281122, 0.23474321314631852, 0.0, 0.0, 0.25)]]
2024-09-21 01:02:55, ERROR: Solver failed with error: Error in Opti::solve [OptiNode] at .../casadi/core/optistack.cpp:157:
.../casadi/core/optistack_internal.cpp:996: Assertion "return_success(accept_limit)" failed:
Solver failed. You may use opti.debug.value to investigate the latest values of variables. return_status is 'Infeasible_Problem_Detected'
2024-09-21 01:02:55, INFO: Initial state: [-0.24090134 -0.13353759 -0.06876393  0.99763292]
2024-09-21 01:02:55, INFO: Control input: [ 0.09726914 -1.16414003]
2024-09-21 01:02:55, INFO: [TEST PHASE] Policy time: 0.75, v: 0.000 => displacement: 0.000
2024-09-21 01:02:55, INFO: agents [[(-0.15850054965468144, 1.0108203635545256, 0.1363685131072998, 0.2789568603038788, 0.15), (-0.17573938022719957, 0.3104606132738145, 0.07420023530721664, 0.01557546854019165, 0.25), (0.3669985202393217, 1.4371048945608904, 0.08677047491073608, 0.3478114604949951, 0.25), (-0.725831056046583, 0.35790543654500395, -0.035422325134277344, 0.11859080195426941, 0.25)], [(-0.14578750328274465, 1.0388548181386474, 0.12713046371936798, 0.28034454584121704, 0.15), (-0.1683193566964779, 0.3120181601278337, 0.07420023530721664, 0.01557546854019165, 0.25), (0.37567556773039534, 1.47188604061039, 0.08677047491073608, 0.3478114604949951, 0.25), (-0.7293732885600108, 0.36976451674043087, -0.035422325134277344, 0.11859080195426941, 0.25)], [(-0.1339058835908959, 1.0670141653151992, 0.11881619691848755, 0.2815934717655182, 0.15), (-0.16089933316575625, 0.31357570698185283, 0.07420023530721664, 0.01557546854019165, 0.25), (0.38435261522146896, 1.5066671866598895, 0.08677047491073608, 0.3478114604949951, 0.25), (-0.7329155210734386, 0.3816235969358578, -0.035422325134277344, 0.11859080195426941, 0.25)], [(-0.12277254507990575, 1.0952859149308685, 0.11133338510990143, 0.2827174961566925, 0.15), (-0.1534793096350346, 0.315133253835872, 0.07420023530721664, 0.01557546854019165, 0.25), (0.3930296627125426, 1.541448332709389, 0.08677047491073608, 0.3478114604949951, 0.25), (-0.7364577535868664, 0.3934826771312847, -0.035422325134277344, 0.11859080195426941, 0.25)], [(-0.1123126615688393, 1.1236588285298827, 0.10459883511066437, 0.2837291359901428, 0.15), (-0.14605928610431293, 0.31669080068989114, 0.07420023530721664, 0.01557546854019165, 0.25), (0.4017067102036162, 1.5762294787588886, 0.08677047491073608, 0.3478114604949951, 0.25), (-0.7399999861002942, 0.4053417573267116, -0.035422325134277344, 0.11859080195426941, 0.25)], [(-0.10245888725968097, 1.1521227882237914, 0.09853774309158325, 0.2846395969390869, 0.15), (-0.13863926257359127, 0.3182483475439103, 0.07420023530721664, 0.01557546854019165, 0.25), (0.4103837576946898, 1.6110106248083882, 0.08677047491073608, 0.3478114604949951, 0.25), (-0.7435422186137219, 0.41720083752213855, -0.035422325134277344, 0.11859080195426941, 0.25)], [(-0.09315061167927478, 1.180668689403105, 0.09308275580406189, 0.2854590117931366, 0.15), (-0.1312192390428696, 0.31980589439792945, 0.07420023530721664, 0.01557546854019165, 0.25), (0.41906080518576344, 1.6457917708578877, 0.08677047491073608, 0.3478114604949951, 0.25), (-0.7470844511271497, 0.42905991771756546, -0.035422325134277344, 0.11859080195426941, 0.25)], [(-0.0843332846567223, 1.2092883394093994, 0.0881732702255249, 0.2861965000629425, 0.15), (-0.12379921551214795, 0.3213634412519486, 0.07420023530721664, 0.01557546854019165, 0.25), (0.42773785267683706, 1.6805729169073873, 0.08677047491073608, 0.3478114604949951, 0.25), (-0.7506266836405775, 0.4409189979129924, -0.035422325134277344, 0.11859080195426941, 0.25)], [(-0.07595781133623813, 1.2379743621678834, 0.08375473320484161, 0.28686022758483887, 0.15), (-0.1163791919814263, 0.32292098810596775, 0.07420023530721664, 0.01557546854019165, 0.25), (0.4364149001679107, 1.7153540629568869, 0.08677047491073608, 0.3478114604949951, 0.25), (-0.7541689161540053, 0.4527780781084193, -0.035422325134277344, 0.11859080195426941, 0.25)], [(-0.06836203009935116, 1.264176924619246, 0.07595781236886978, 0.2620256245136261, 0.15), (-0.10895916845070464, 0.3244785349599869, 0.07420023530721664, 0.01557546854019165, 0.25), (0.4450919476589843, 1.7501352090063864, 0.08677047491073608, 0.3478114604949951, 0.25), (-0.757711148667433, 0.4646371583038462, -0.035422325134277344, 0.11859080195426941, 0.25)]]
2024-09-21 01:02:55, ERROR: Solver failed with error: Error in Opti::solve [OptiNode] at .../casadi/core/optistack.cpp:157:
.../casadi/core/optistack_internal.cpp:996: Assertion "return_success(accept_limit)" failed:
Solver failed. You may use opti.debug.value to investigate the latest values of variables. return_status is 'Infeasible_Problem_Detected'
2024-09-21 01:02:55, INFO: Initial state: [-0.06836203  1.26417692  0.07595781  0.26202562]
2024-09-21 01:02:55, INFO: Control input: [ 2.75571005 -2.68310571]
2024-09-21 01:02:55, INFO: [TEST PHASE] Policy time: 1.00, v: 0.000 => displacement: 0.000
2024-09-21 01:02:55, INFO: agents [[(-0.1572660838172028, 1.014523716363478, 0.14871317148208618, 0.3159903883934021, 0.15), (-0.19120845969187356, 0.3832281138531717, 0.0, 0.0, 0.25), (0.32572794605704974, 1.5721164006415178, 0.03921101987361908, 0.23883119225502014, 0.25), (-0.7289155219079035, 0.5847694943243161, -0.02771127223968506, 0.5173113346099854, 0.25)], [(-0.14349882201405262, 1.04625136414485, 0.13767261803150177, 0.3172764778137207, 0.15), (-0.19120845969187356, 0.3832281138531717, 0.0, 0.0, 0.25), (0.32964904804441164, 1.5959995198670198, 0.03921101987361908, 0.23883119225502014, 0.25), (-0.7316866491318721, 0.6365006277853147, -0.02771127223968506, 0.5173113346099854, 0.25)], [(-0.13072520987244343, 1.078094764146376, 0.12773612141609192, 0.3184340000152588, 0.15), (-0.19120845969187356, 0.3832281138531717, 0.0, 0.0, 0.25), (0.33357015003177354, 1.6198826390925218, 0.03921101987361908, 0.23883119225502014, 0.25), (-0.7344577763558406, 0.6882317612463132, -0.02771127223968506, 0.5173113346099854, 0.25)], [(-0.11884588272424434, 1.1100423381658082, 0.11879327148199081, 0.3194757401943207, 0.15), (-0.19120845969187356, 0.3832281138531717, 0.0, 0.0, 0.25), (0.33749125201913543, 1.6437657583180239, 0.03921101987361908, 0.23883119225502014, 0.25), (-0.7372289035798092, 0.7399628947073118, -0.02771127223968506, 0.5173113346099854, 0.25)], [(-0.10777141199560855, 1.1420836673112398, 0.11074470728635788, 0.3204132914543152, 0.15), (-0.19120845969187356, 0.3832281138531717, 0.0, 0.0, 0.25), (0.34141235400649733, 1.6676488775435259, 0.03921101987361908, 0.23883119225502014, 0.25), (-0.7400000308037777, 0.7916940281683104, -0.02771127223968506, 0.5173113346099854, 0.25)], [(-0.09742131129952167, 1.1742093787522798, 0.10350100696086884, 0.3212571144104004, 0.15), (-0.19120845969187356, 0.3832281138531717, 0.0, 0.0, 0.25), (0.34533345599385923, 1.6915319967690279, 0.03921101987361908, 0.23883119225502014, 0.25), (-0.7427711580277463, 0.8434251616293089, -0.02771127223968506, 0.5173113346099854, 0.25)], [(-0.08772314534636233, 1.2064110324712283, 0.09698165953159332, 0.32201653718948364, 0.15), (-0.19120845969187356, 0.3832281138531717, 0.0, 0.0, 0.25), (0.3492545579812211, 1.71541511599453, 0.03921101987361908, 0.23883119225502014, 0.25), (-0.7455422852517148, 0.8951562950903075, -0.02771127223968506, 0.5173113346099854, 0.25)], [(-0.07895083100648616, 1.2357699290843494, 0.08772314339876175, 0.2935889661312103, 0.15), (-0.19120845969187356, 0.3832281138531717, 0.0, 0.0, 0.25), (0.353175659968583, 1.739298235220032, 0.03921101987361908, 0.23883119225502014, 0.25), (-0.7483134124756834, 0.946887428551306, -0.02771127223968506, 0.5173113346099854, 0.25)], [(-0.0710557480260918, 1.2621929363341815, 0.07895082980394363, 0.26423007249832153, 0.15), (-0.19120845969187356, 0.3832281138531717, 0.0, 0.0, 0.25), (0.3570967619559449, 1.763181354445534, 0.03921101987361908, 0.23883119225502014, 0.25), (-0.7510845396996519, 0.9986185620123046, -0.02771127223968506, 0.5173113346099854, 0.25)], [(-0.06395017326923107, 1.2859736428590305, 0.07105574756860733, 0.23780706524848938, 0.15), (-0.19120845969187356, 0.3832281138531717, 0.0, 0.0, 0.25), (0.3610178639433068, 1.787064473671036, 0.03921101987361908, 0.23883119225502014, 0.25), (-0.7538556669236205, 1.0503496954733031, -0.02771127223968506, 0.5173113346099854, 0.25)]]
2024-09-21 01:02:55, ERROR: Solver failed with error: Error in Opti::solve [OptiNode] at .../casadi/core/optistack.cpp:157:
.../casadi/core/optistack_internal.cpp:996: Assertion "return_success(accept_limit)" failed:
Solver failed. You may use opti.debug.value to investigate the latest values of variables. return_status is 'Infeasible_Problem_Detected'
2024-09-21 01:02:55, INFO: Initial state: [-0.06395017  1.28597364  0.07105575  0.23780707]
2024-09-21 01:02:55, INFO: Control input: [ 2.65956582 -4.81865177]
2024-09-21 01:02:55, INFO: [TEST PHASE] Policy time: 1.25, v: 0.000 => displacement: 0.000
2024-09-21 01:02:55, INFO: agents [[(-0.15635903970452045, 1.0183216200204375, 0.1577836126089096, 0.35396942496299744, 0.15), (-0.22308240856396294, 0.44790654441042266, 0.0, 0.0, 0.25), (0.29244341973873805, 1.7138064685884287, 0.07151204347610474, 0.19663654267787933, 0.25), (-0.7304577589363831, 0.7160187164837017, -0.02385556325316429, 0.4512649476528168, 0.25)], [(-0.14183727697582935, 1.0538291440339567, 0.145217627286911, 0.35507524013519287, 0.15), (-0.22308240856396294, 0.44790654441042266, 0.0, 0.0, 0.25), (0.2995946240863485, 1.7334701228562166, 0.07151204347610474, 0.19663654267787933, 0.25), (-0.7328433152616995, 0.7611452112489834, -0.02385556325316429, 0.4512649476528168, 0.25)], [(-0.12844645575733873, 1.0894361958833219, 0.133908212184906, 0.35607051849365234, 0.15), (-0.22308240856396294, 0.44790654441042266, 0.0, 0.0, 0.25), (0.306745828433959, 1.7531337771240045, 0.07151204347610474, 0.19663654267787933, 0.25), (-0.735228871587016, 0.806271706014265, -0.02385556325316429, 0.4512649476528168, 0.25)], [(-0.11607348294110986, 1.1251328215928555, 0.12372972816228867, 0.3569662570953369, 0.15), (-0.22308240856396294, 0.44790654441042266, 0.0, 0.0, 0.25), (0.31389703278156944, 1.7727974313917925, 0.07151204347610474, 0.19663654267787933, 0.25), (-0.7376144279123324, 0.8513982007795466, -0.02385556325316429, 0.4512649476528168, 0.25)], [(-0.10461657391043397, 1.160910062584448, 0.11456909030675888, 0.3577724099159241, 0.15), (-0.22308240856396294, 0.44790654441042266, 0.0, 0.0, 0.25), (0.3210482371291799, 1.7924610856595804, 0.07151204347610474, 0.19663654267787933, 0.25), (-0.7399999842376489, 0.8965246955448283, -0.02385556325316429, 0.4512649476528168, 0.25)], [(-0.0941549164161274, 1.1948190555902005, 0.10461657494306564, 0.33908993005752563, 0.15), (-0.22308240856396294, 0.44790654441042266, 0.0, 0.0, 0.25), (0.32819944147679037, 1.8121247399273683, 0.07151204347610474, 0.19663654267787933, 0.25), (-0.7423855405629654, 0.9416511903101099, -0.02385556325316429, 0.4512649476528168, 0.25)], [(-0.0847394247457573, 1.2253371492953777, 0.09415491670370102, 0.30518093705177307, 0.15), (-0.22308240856396294, 0.44790654441042266, 0.0, 0.0, 0.25), (0.33535064582440083, 1.8317883941951563, 0.07151204347610474, 0.19663654267787933, 0.25), (-0.7447710968882818, 0.9867776850753915, -0.02385556325316429, 0.4512649476528168, 0.25)], [(-0.07626548231693, 1.252803434524107, 0.08473942428827286, 0.2746628522872925, 0.15), (-0.22308240856396294, 0.44790654441042266, 0.0, 0.0, 0.25), (0.3425018501720113, 1.8514520484629442, 0.07151204347610474, 0.19663654267787933, 0.25), (-0.7471566532135983, 1.0319041798406732, -0.02385556325316429, 0.4512649476528168, 0.25)], [(-0.06863893390746803, 1.2775230915279865, 0.07626548409461975, 0.24719657003879547, 0.15), (-0.22308240856396294, 0.44790654441042266, 0.0, 0.0, 0.25), (0.34965305451962175, 1.8711157027307321, 0.07151204347610474, 0.19663654267787933, 0.25), (-0.7495422095389147, 1.0770306746059548, -0.02385556325316429, 0.4512649476528168, 0.25)], [(-0.06177504033895225, 1.2997707829804896, 0.06863893568515778, 0.22247691452503204, 0.15), (-0.22308240856396294, 0.44790654441042266, 0.0, 0.0, 0.25), (0.3568042588672322, 1.89077935699852, 0.07151204347610474, 0.19663654267787933, 0.25), (-0.7519277658642312, 1.1221571693712364, -0.02385556325316429, 0.4512649476528168, 0.25)]]
2024-09-21 01:02:55, ERROR: Solver failed with error: Error in Opti::solve [OptiNode] at .../casadi/core/optistack.cpp:157:
.../casadi/core/optistack_internal.cpp:996: Assertion "return_success(accept_limit)" failed:
Solver failed. You may use opti.debug.value to investigate the latest values of variables. return_status is 'Infeasible_Problem_Detected'
2024-09-21 01:02:55, INFO: Initial state: [-0.06177504  1.29977078  0.06863894  0.22247691]
2024-09-21 01:02:55, INFO: Control input: [ 0.4357809  -0.58317107]
2024-09-21 01:02:55, INFO: [TEST PHASE] Policy time: 1.50, v: 0.000 => displacement: 0.000
2024-09-21 01:02:55, INFO: agents [[(-0.155716304938514, 1.0221736566157822, 0.1642109602689743, 0.39248979091644287, 0.15), (-0.24930263522433377, 0.48902371337337813, 0.0, 0.0, 0.25), (0.2593096618792696, 1.858677324992733, 0.1053207516670227, 0.186249777674675, 0.25), (-0.7312288680442649, 0.8293050373488561, -0.021927833557128906, 0.35056033730506897, 0.25)], [(-0.1406819944188187, 1.0615108684630874, 0.15034310519695282, 0.393372118473053, 0.15), (-0.24930263522433377, 0.48902371337337813, 0.0, 0.0, 0.25), (0.2698417370459719, 1.8773023027602005, 0.1053207516670227, 0.186249777674675, 0.25), (-0.7334216513999778, 0.864361071079363, -0.021927833557128906, 0.35056033730506897, 0.25)], [(-0.12689578727932668, 1.1009274885983946, 0.13786207139492035, 0.3941662013530731, 0.15), (-0.24930263522433377, 0.48902371337337813, 0.0, 0.0, 0.25), (0.2803738122126742, 1.895927280527668, 0.1053207516670227, 0.186249777674675, 0.25), (-0.7356144347556908, 0.8994171048098699, -0.021927833557128906, 0.35056033730506897, 0.25)], [(-0.11423287586422659, 1.1404155747027875, 0.12662911415100098, 0.39488086104393005, 0.15), (-0.24930263522433377, 0.48902371337337813, 0.0, 0.0, 0.25), (0.2909058873793765, 1.9145522582951353, 0.1053207516670227, 0.186249777674675, 0.25), (-0.7378072181114037, 0.9344731385403768, -0.021927833557128906, 0.35056033730506897, 0.25)], [(-0.10280958832355239, 1.1763740167947294, 0.1142328754067421, 0.35958442091941833, 0.15), (-0.24930263522433377, 0.48902371337337813, 0.0, 0.0, 0.25), (0.3014379625460788, 1.9331772360626027, 0.1053207516670227, 0.186249777674675, 0.25), (-0.7400000014671166, 0.9695291722708838, -0.021927833557128906, 0.35056033730506897, 0.25)], [(-0.09252862976046301, 1.2087366149755003, 0.10280958563089371, 0.32362598180770874, 0.15), (-0.24930263522433377, 0.48902371337337813, 0.0, 0.0, 0.25), (0.3119700377127811, 1.9518022138300701, 0.1053207516670227, 0.186249777674675, 0.25), (-0.7421927848228296, 1.0045852060013907, -0.021927833557128906, 0.35056033730506897, 0.25)], [(-0.08327576712818839, 1.2378629521461013, 0.09252862632274628, 0.2912633717060089, 0.15), (-0.24930263522433377, 0.48902371337337813, 0.0, 0.0, 0.25), (0.3225021128794834, 1.9704271915975375, 0.1053207516670227, 0.186249777674675, 0.25), (-0.7443855681785425, 1.0396412397318975, -0.021927833557128906, 0.35056033730506897, 0.25)], [(-0.07494819061012961, 1.2640766576858047, 0.08327576518058777, 0.2621370553970337, 0.15), (-0.24930263522433377, 0.48902371337337813, 0.0, 0.0, 0.25), (0.3330341880461857, 1.989052169365005, 0.1053207516670227, 0.186249777674675, 0.25), (-0.7465783515342554, 1.0746972734624043, -0.021927833557128906, 0.35056033730506897, 0.25)], [(-0.06745337144585349, 1.2876689911814216, 0.07494819164276123, 0.23592333495616913, 0.15), (-0.24930263522433377, 0.48902371337337813, 0.0, 0.0, 0.25), (0.34356626321288797, 2.0076771471324726, 0.1053207516670227, 0.186249777674675, 0.25), (-0.7487711348899684, 1.109753307192911, -0.021927833557128906, 0.35056033730506897, 0.25)], [(-0.060708034496028206, 1.308902092370558, 0.06745336949825287, 0.21233101189136505, 0.15), (-0.24930263522433377, 0.48902371337337813, 0.0, 0.0, 0.25), (0.35409833837959026, 2.02630212489994, 0.1053207516670227, 0.186249777674675, 0.25), (-0.7509639182456813, 1.144809340923418, -0.021927833557128906, 0.35056033730506897, 0.25)]]
2024-09-21 01:02:56, ERROR: Solver failed with error: Error in Opti::solve [OptiNode] at .../casadi/core/optistack.cpp:157:
.../casadi/core/optistack_internal.cpp:996: Assertion "return_success(accept_limit)" failed:
Solver failed. You may use opti.debug.value to investigate the latest values of variables. return_status is 'Maximum_Iterations_Exceeded'
2024-09-21 01:02:56, INFO: Initial state: [-0.06070803  1.30890209  0.06745337  0.21233101]
2024-09-21 01:02:56, INFO: Control input: [-0.09536074  0.29096595]
2024-09-21 01:02:56, INFO: [TEST PHASE] Policy time: 1.75, v: 0.000 => displacement: 0.000
2024-09-21 01:02:56, INFO: agents [[(-0.1552883838221619, 1.0260546878905776, 0.16849017143249512, 0.4313001036643982, 0.15), (-0.26930448997186757, 0.5148162059269699, 0.0, 0.0, 0.25), (0.21993635494920444, 2.0038366380754282, 0.07673400640487671, 0.17874757945537567, 0.25), (-0.7316144240417557, 0.911788382619013, -0.020963910967111588, 0.24578000605106354, 0.25)], [(-0.13983625517340395, 1.0692440972657684, 0.15452128648757935, 0.43189409375190735, 0.15), (-0.26930448997186757, 0.5148162059269699, 0.0, 0.0, 0.25), (0.2276097555896921, 2.0217113960209656, 0.07673400640487671, 0.17874757945537567, 0.25), (-0.7337108151384668, 0.9363663832241194, -0.020963910967111588, 0.24578000605106354, 0.25)], [(-0.12485479460211489, 1.1116889283986573, 0.14981460571289062, 0.42444831132888794, 0.15), (-0.26930448997186757, 0.5148162059269699, 0.0, 0.0, 0.25), (0.23528315623017976, 2.039586153966503, 0.07673400640487671, 0.17874757945537567, 0.25), (-0.7358072062351779, 0.9609443838292258, -0.020963910967111588, 0.24578000605106354, 0.25)], [(-0.11221809134932254, 1.1504244492383484, 0.12636703252792358, 0.3873552083969116, 0.15), (-0.26930448997186757, 0.5148162059269699, 0.0, 0.0, 0.25), (0.24295655687066742, 2.0574609119120404, 0.07673400640487671, 0.17874757945537567, 0.25), (-0.737903597331889, 0.9855223844343322, -0.020963910967111588, 0.24578000605106354, 0.25)], [(-0.10099628240915035, 1.1853820041747574, 0.11221808940172195, 0.34957554936408997, 0.15), (-0.26930448997186757, 0.5148162059269699, 0.0, 0.0, 0.25), (0.2506299575111551, 2.075335669857578, 0.07673400640487671, 0.17874757945537567, 0.25), (-0.7399999884286002, 1.0101003850394386, -0.020963910967111588, 0.24578000605106354, 0.25)], [(-0.09089665384145473, 1.2168438033195021, 0.10099628567695618, 0.31461799144744873, 0.15), (-0.26930448997186757, 0.5148162059269699, 0.0, 0.0, 0.25), (0.25830335815164274, 2.093210427803115, 0.07673400640487671, 0.17874757945537567, 0.25), (-0.7420963795253113, 1.034678385644545, -0.020963910967111588, 0.24578000605106354, 0.25)], [(-0.08180698872657513, 1.245159421953726, 0.09089665114879608, 0.2831561863422394, 0.15), (-0.26930448997186757, 0.5148162059269699, 0.0, 0.0, 0.25), (0.2659767587921304, 2.1110851857486526, 0.07673400640487671, 0.17874757945537567, 0.25), (-0.7441927706220224, 1.0592563862496513, -0.020963910967111588, 0.24578000605106354, 0.25)], [(-0.07362628997417187, 1.2706434802146438, 0.08180698752403259, 0.25484058260917664, 0.15), (-0.26930448997186757, 0.5148162059269699, 0.0, 0.0, 0.25), (0.27365015943261806, 2.12895994369419, 0.07673400640487671, 0.17874757945537567, 0.25), (-0.7462891617187335, 1.0838343868547577, -0.020963910967111588, 0.24578000605106354, 0.25)], [(-0.06626366124602054, 1.2935791314573768, 0.07362628728151321, 0.22935651242733002, 0.15), (-0.26930448997186757, 0.5148162059269699, 0.0, 0.0, 0.25), (0.2813235600731057, 2.1468347016397273, 0.07673400640487671, 0.17874757945537567, 0.25), (-0.7483855528154446, 1.1084123874598641, -0.020963910967111588, 0.24578000605106354, 0.25)], [(-0.05963729516716693, 1.3142212183208946, 0.06626366078853607, 0.2064208686351776, 0.15), (-0.26930448997186757, 0.5148162059269699, 0.0, 0.0, 0.25), (0.2889969607135934, 2.1647094595852647, 0.07673400640487671, 0.17874757945537567, 0.25), (-0.7504819439121557, 1.1329903880649705, -0.020963910967111588, 0.24578000605106354, 0.25)]]
2024-09-21 01:02:57, ERROR: Solver failed with error: Error in Opti::solve [OptiNode] at .../casadi/core/optistack.cpp:157:
.../casadi/core/optistack_internal.cpp:996: Assertion "return_success(accept_limit)" failed:
Solver failed. You may use opti.debug.value to investigate the latest values of variables. return_status is 'Maximum_Iterations_Exceeded'
2024-09-21 01:02:57, INFO: Initial state: [-0.0596373   1.31422122  0.06626366  0.20642087]
2024-09-21 01:02:57, INFO: Control input: [0.17634263 0.59450792]
2024-09-21 01:02:57, INFO: [TEST PHASE] Policy time: 2.00, v: 0.000 => displacement: 0.000
2024-09-21 01:02:57, INFO: agents [[(-0.14679795251341557, 1.028278233203459, 0.2533944845199585, 0.4535355567932129, 0.15), (-0.2838316823111687, 0.5308526064984354, 0.0, 0.0, 0.25), (0.180639157190053, 2.1464332420054246, 0.048908352851867676, 0.1456182897090912, 0.25), (-0.731807205952056, 0.9670672620230809, -0.02048206329345703, 0.1542261242866516, 0.25)], [(-0.12462077335568165, 1.0695877567859176, 0.22177179157733917, 0.41309523582458496, 0.15), (-0.2838316823111687, 0.5308526064984354, 0.0, 0.0, 0.25), (0.18552999247523977, 2.160995070976334, 0.048908352851867676, 0.1456182897090912, 0.25), (-0.7338554122814016, 0.9824898744517461, -0.02048206329345703, 0.1542261242866516, 0.25)], [(-0.10528963551970219, 1.1072576538653853, 0.19331137835979462, 0.37669897079467773, 0.15), (-0.2838316823111687, 0.5308526064984354, 0.0, 0.0, 0.25), (0.19042082776042654, 2.175556899947243, 0.048908352851867676, 0.1456182897090912, 0.25), (-0.7359036186107473, 0.9979124868804112, -0.02048206329345703, 0.1542261242866516, 0.25)], [(-0.08851993278713917, 1.1416518882842543, 0.1676970273256302, 0.3439423441886902, 0.15), (-0.2838316823111687, 0.5308526064984354, 0.0, 0.0, 0.25), (0.19531166304561332, 2.1901187289181525, 0.048908352851867676, 0.1456182897090912, 0.25), (-0.7379518249400929, 1.0133350993090764, -0.02048206329345703, 0.1542261242866516, 0.25)], [(-0.07405552760811543, 1.1730980173678878, 0.14464405179023743, 0.31446129083633423, 0.15), (-0.2838316823111687, 0.5308526064984354, 0.0, 0.0, 0.25), (0.2002024983308001, 2.204680557889062, 0.048908352851867676, 0.1456182897090912, 0.25), (-0.7400000312694386, 1.0287577117377416, -0.02048206329345703, 0.1542261242866516, 0.25)], [(-0.06166588411780095, 1.2018908605905059, 0.12389643490314484, 0.28792843222618103, 0.15), (-0.2838316823111687, 0.5308526064984354, 0.0, 0.0, 0.25), (0.20509333361598686, 2.219242386859971, 0.048908352851867676, 0.1456182897090912, 0.25), (-0.7420482375987842, 1.0441803241664067, -0.02048206329345703, 0.1542261242866516, 0.25)], [(-0.05114353046866154, 1.2282957420678617, 0.10522353649139404, 0.26404881477355957, 0.15), (-0.2838316823111687, 0.5308526064984354, 0.0, 0.0, 0.25), (0.20998416890117363, 2.2338042158308804, 0.048908352851867676, 0.1456182897090912, 0.25), (-0.7440964439281299, 1.0596029365950719, -0.02048206329345703, 0.1542261242866516, 0.25)], [(-0.04230173573942875, 1.2525514588685513, 0.08841794729232788, 0.24255716800689697, 0.15), (-0.2838316823111687, 0.5308526064984354, 0.0, 0.0, 0.25), (0.2148750041863604, 2.2483660448017897, 0.048908352851867676, 0.1456182897090912, 0.25), (-0.7461446502574756, 1.075025549023737, -0.02048206329345703, 0.1542261242866516, 0.25)], [(-0.03497244463415836, 1.2748729274602415, 0.07329291105270386, 0.22321468591690063, 0.15), (-0.2838316823111687, 0.5308526064984354, 0.0, 0.0, 0.25), (0.21976583947154718, 2.262927873772699, 0.048908352851867676, 0.1456182897090912, 0.25), (-0.7481928565868212, 1.0904481614524022, -0.02048206329345703, 0.1542261242866516, 0.25)], [(-0.029004405151326407, 1.2954535738559247, 0.05968039482831955, 0.20580646395683289, 0.15), (-0.2838316823111687, 0.5308526064984354, 0.0, 0.0, 0.25), (0.22465667475673395, 2.2774897027436083, 0.048908352851867676, 0.1456182897090912, 0.25), (-0.7502410629161669, 1.1058707738810674, -0.02048206329345703, 0.1542261242866516, 0.25)]]
2024-09-21 01:02:58, ERROR: Solver failed with error: Error in Opti::solve [OptiNode] at .../casadi/core/optistack.cpp:157:
.../casadi/core/optistack_internal.cpp:996: Assertion "return_success(accept_limit)" failed:
Solver failed. You may use opti.debug.value to investigate the latest values of variables. return_status is 'Maximum_Iterations_Exceeded'
2024-09-21 01:02:58, INFO: Initial state: [-0.0290044   1.29545357  0.05968039  0.20580646]
2024-09-21 01:02:58, INFO: Control input: [0.11387846 0.82774503]
2024-09-21 01:02:58, INFO: [TEST PHASE] Policy time: 2.25, v: 0.000 => displacement: 0.000
2024-09-21 01:02:58, INFO: agents [[(-0.1492459346458504, 1.0311124072404387, 0.22891466319561005, 0.48187729716300964, 0.15), (-0.29405433523820973, 0.5407916866026672, 0.0, 0.0, 0.25), (0.14203216110083294, 2.2880254599872396, 0.027984678745269775, 0.10244514048099518, 0.25), (-0.7319036070586222, 1.0017693752938406, -0.02024102210998535, 0.08164709806442261, 0.25)], [(-0.1291479562327454, 1.0747940198512558, 0.2009797841310501, 0.43681612610816956, 0.15), (-0.29405433523820973, 0.5407916866026672, 0.0, 0.0, 0.25), (0.14483062897535992, 2.298269974035339, 0.027984678745269775, 0.10244514048099518, 0.25), (-0.7339277092696208, 1.009934085100283, -0.02024102210998535, 0.08164709806442261, 0.25)], [(-0.11156411514731143, 1.114420129451323, 0.1758384108543396, 0.3962610960006714, 0.15), (-0.29405433523820973, 0.5407916866026672, 0.0, 0.0, 0.25), (0.1476290968498869, 2.3085144880834383, 0.027984678745269775, 0.10244514048099518, 0.25), (-0.7359518114806194, 1.0180987949067253, -0.02024102210998535, 0.08164709806442261, 0.25)], [(-0.09624299750776981, 1.150396286043692, 0.15321117639541626, 0.3597615659236908, 0.15), (-0.29405433523820973, 0.5407916866026672, 0.0, 0.0, 0.25), (0.15042756472441388, 2.3187590021315376, 0.027984678745269775, 0.10244514048099518, 0.25), (-0.737975913691618, 1.0262635047131676, -0.02024102210998535, 0.08164709806442261, 0.25)], [(-0.0829583336517403, 1.1830874816508774, 0.1328466385602951, 0.32691195607185364, 0.15), (-0.29405433523820973, 0.5407916866026672, 0.0, 0.0, 0.25), (0.15322603259894085, 2.329003516179637, 0.027984678745269775, 0.10244514048099518, 0.25), (-0.7400000159026165, 1.03442821451961, -0.02024102210998535, 0.08164709806442261, 0.25)], [(-0.07150647685976719, 1.2128222153516297, 0.11451856791973114, 0.2973473370075226, 0.15), (-0.29405433523820973, 0.5407916866026672, 0.0, 0.0, 0.25), (0.15602450047346783, 2.3392480302277363, 0.027984678745269775, 0.10244514048099518, 0.25), (-0.7420241181136151, 1.0425929243260523, -0.02024102210998535, 0.08164709806442261, 0.25)], [(-0.0617041473195145, 1.2398961321444992, 0.09802329540252686, 0.2707391679286957, 0.15), (-0.29405433523820973, 0.5407916866026672, 0.0, 0.0, 0.25), (0.1588229683479948, 2.3494925442758356, 0.027984678745269775, 0.10244514048099518, 0.25), (-0.7440482203246137, 1.0507576341324947, -0.02024102210998535, 0.08164709806442261, 0.25)], [(-0.053386390666682465, 1.2645753161044602, 0.08317756652832031, 0.24679183959960938, 0.15), (-0.29405433523820973, 0.5407916866026672, 0.0, 0.0, 0.25), (0.16162143622252179, 2.359737058323935, 0.027984678745269775, 0.10244514048099518, 0.25), (-0.7460723225356123, 1.058922343938937, -0.02024102210998535, 0.08164709806442261, 0.25)], [(-0.04640475110264514, 1.2870992378325943, 0.06981639564037323, 0.22523921728134155, 0.15), (-0.29405433523820973, 0.5407916866026672, 0.0, 0.0, 0.25), (0.16441990409704876, 2.3699815723720343, 0.027984678745269775, 0.10244514048099518, 0.25), (-0.7480964247466109, 1.0670870537453794, -0.02024102210998535, 0.08164709806442261, 0.25)], [(-0.0406256162479708, 1.3076834247441773, 0.05779134854674339, 0.20584186911582947, 0.15), (-0.29405433523820973, 0.5407916866026672, 0.0, 0.0, 0.25), (0.16721837197157574, 2.3802260864201337, 0.027984678745269775, 0.10244514048099518, 0.25), (-0.7501205269576094, 1.0752517635518217, -0.02024102210998535, 0.08164709806442261, 0.25)]]
2024-09-21 01:02:59, ERROR: Solver failed with error: Error in Opti::solve [OptiNode] at .../casadi/core/optistack.cpp:157:
.../casadi/core/optistack_internal.cpp:996: Assertion "return_success(accept_limit)" failed:
Solver failed. You may use opti.debug.value to investigate the latest values of variables. return_status is 'Maximum_Iterations_Exceeded'
2024-09-21 01:02:59, INFO: Initial state: [-0.04061712  1.30559353  0.05779131  0.20584181]
2024-09-21 01:02:59, INFO: Control input: [0.171707   0.78326891]
2024-09-21 01:02:59, INFO: [TEST PHASE] Policy time: 2.50, v: 0.000 => displacement: 0.000
2024-09-21 01:02:59, INFO: agents [[(-0.15492366151066517, 1.0346322075458052, 0.17213739454746246, 0.5170753002166748, 0.15), (-0.2988506818877373, 0.5459561422251018, 0.0, 0.0, 0.25), (0.10398068551632596, 2.4292370553735063, 0.012616246938705444, 0.05546576529741287, 0.25), (-0.7314209241748827, 1.0202729858973518, -0.014811739325523376, 0.023549338802695274, 0.25)], [(-0.1394312952563355, 1.0811689869494918, 0.15492366254329681, 0.46536779403686523, 0.15), (-0.2988506818877373, 0.5459561422251018, 0.0, 0.0, 0.25), (0.1052423102101965, 2.4347836319032474, 0.012616246938705444, 0.05546576529741287, 0.25), (-0.732902098107435, 1.0226279197776214, -0.014811739325523376, 0.023549338802695274, 0.25)], [(-0.12548816547842717, 1.1230520890088562, 0.13943129777908325, 0.4188310205936432, 0.15), (-0.2988506818877373, 0.5459561422251018, 0.0, 0.0, 0.25), (0.10650393490406705, 2.4403302084329885, 0.012616246938705444, 0.05546576529741287, 0.25), (-0.7343832720399873, 1.0249828536578909, -0.014811739325523376, 0.023549338802695274, 0.25)], [(-0.11293934927435613, 1.1607468799682144, 0.12548816204071045, 0.37694790959358215, 0.15), (-0.2988506818877373, 0.5459561422251018, 0.0, 0.0, 0.25), (0.1077655595979376, 2.4458767849627296, 0.012616246938705444, 0.05546576529741287, 0.25), (-0.7358644459725396, 1.0273377875381604, -0.014811739325523376, 0.023549338802695274, 0.25)], [(-0.10164541424365735, 1.1946721927257065, 0.11293935030698776, 0.33925312757492065, 0.15), (-0.2988506818877373, 0.5459561422251018, 0.0, 0.0, 0.25), (0.10902718429180815, 2.4514233614924708, 0.012616246938705444, 0.05546576529741287, 0.25), (-0.737345619905092, 1.02969272141843, -0.014811739325523376, 0.023549338802695274, 0.25)], [(-0.09148087249251102, 1.2252049730153565, 0.10164541751146317, 0.30532780289649963, 0.15), (-0.2988506818877373, 0.5459561422251018, 0.0, 0.0, 0.25), (0.1102888089856787, 2.456969938022212, 0.012616246938705444, 0.05546576529741287, 0.25), (-0.7388267938376443, 1.0320476552986995, -0.014811739325523376, 0.023549338802695274, 0.25)], [(-0.08233278513999676, 1.2526844755740647, 0.09148087352514267, 0.2747950255870819, 0.15), (-0.2988506818877373, 0.5459561422251018, 0.0, 0.0, 0.25), (0.11155043367954924, 2.462516514551953, 0.012616246938705444, 0.05546576529741287, 0.25), (-0.7403079677701966, 1.034402589178969, -0.014811739325523376, 0.023549338802695274, 0.25)], [(-0.07409950689526294, 1.2774160281749254, 0.0823327824473381, 0.24731552600860596, 0.15), (-0.2988506818877373, 0.5459561422251018, 0.0, 0.0, 0.25), (0.11281205837341979, 2.468063091081694, 0.012616246938705444, 0.05546576529741287, 0.25), (-0.7417891417027489, 1.0367575230592385, -0.014811739325523376, 0.023549338802695274, 0.25)], [(-0.06668955654950832, 1.2996744246216303, 0.07409950345754623, 0.22258396446704865, 0.15), (-0.2988506818877373, 0.5459561422251018, 0.0, 0.0, 0.25), (0.11407368306729034, 2.473609667611435, 0.012616246938705444, 0.05546576529741287, 0.25), (-0.7432703156353012, 1.039112456939508, -0.014811739325523376, 0.023549338802695274, 0.25)], [(-0.060020600716788525, 1.319706982466746, 0.06668955832719803, 0.20032557845115662, 0.15), (-0.2988506818877373, 0.5459561422251018, 0.0, 0.0, 0.25), (0.11533530776116088, 2.4791562441411763, 0.012616246938705444, 0.05546576529741287, 0.25), (-0.7447514895678535, 1.0414673908197776, -0.014811739325523376, 0.023549338802695274, 0.25)]]
2024-09-21 01:03:02, ERROR: Solver failed with error: Error in Opti::solve [OptiNode] at .../casadi/core/optistack.cpp:157:
.../casadi/core/optistack_internal.cpp:996: Assertion "return_success(accept_limit)" failed:
Solver failed. You may use opti.debug.value to investigate the latest values of variables. return_status is 'Maximum_Iterations_Exceeded'
2024-09-21 01:03:02, INFO: Initial state: [-0.0600206   1.31970698  0.06668956  0.20032558]
2024-09-21 01:03:02, INFO: Control input: [0.249101   0.72799317]
2024-09-21 01:03:02, INFO: [TEST PHASE] Policy time: 2.75, v: 0.000 => displacement: 0.000
2024-09-21 01:03:02, INFO: agents [[(-0.15492366151066517, 1.0346322075458052, 0.17213739454746246, 0.5170753002166748, 0.15), (-0.2963041726255629, 0.5472923824347409, 0.0, 0.0, 0.25), (0.06631322626682949, 2.570167834279256, 0.001087978482246399, 0.0056782253086566925, 0.25), (-0.7299698654891031, 1.0275921615356103, 0.0, 0.0, 0.25)], [(-0.1394312952563355, 1.0811689869494918, 0.15492366254329681, 0.46536779403686523, 0.15), (-0.2963041726255629, 0.5472923824347409, 0.0, 0.0, 0.25), (0.06642202411505413, 2.570735656810122, 0.001087978482246399, 0.0056782253086566925, 0.25), (-0.7299698654891031, 1.0275921615356103, 0.0, 0.0, 0.25)], [(-0.12548816547842717, 1.1230520890088562, 0.13943129777908325, 0.4188310205936432, 0.15), (-0.2963041726255629, 0.5472923824347409, 0.0, 0.0, 0.25), (0.06653082196327877, 2.5713034793409877, 0.001087978482246399, 0.0056782253086566925, 0.25), (-0.7299698654891031, 1.0275921615356103, 0.0, 0.0, 0.25)], [(-0.11293934927435613, 1.1607468799682144, 0.12548816204071045, 0.37694790959358215, 0.15), (-0.2963041726255629, 0.5472923824347409, 0.0, 0.0, 0.25), (0.0666396198115034, 2.5718713018718535, 0.001087978482246399, 0.0056782253086566925, 0.25), (-0.7299698654891031, 1.0275921615356103, 0.0, 0.0, 0.25)], [(-0.10164541424365735, 1.1946721927257065, 0.11293935030698776, 0.33925312757492065, 0.15), (-0.2963041726255629, 0.5472923824347409, 0.0, 0.0, 0.25), (0.06674841765972804, 2.5724391244027194, 0.001087978482246399, 0.0056782253086566925, 0.25), (-0.7299698654891031, 1.0275921615356103, 0.0, 0.0, 0.25)], [(-0.09148087249251102, 1.2252049730153565, 0.10164541751146317, 0.30532780289649963, 0.15), (-0.2963041726255629, 0.5472923824347409, 0.0, 0.0, 0.25), (0.06685721550795268, 2.5730069469335852, 0.001087978482246399, 0.0056782253086566925, 0.25), (-0.7299698654891031, 1.0275921615356103, 0.0, 0.0, 0.25)], [(-0.08233278513999676, 1.2526844755740647, 0.09148087352514267, 0.2747950255870819, 0.15), (-0.2963041726255629, 0.5472923824347409, 0.0, 0.0, 0.25), (0.06696601335617731, 2.573574769464451, 0.001087978482246399, 0.0056782253086566925, 0.25), (-0.7299698654891031, 1.0275921615356103, 0.0, 0.0, 0.25)], [(-0.07409950689526294, 1.2774160281749254, 0.0823327824473381, 0.24731552600860596, 0.15), (-0.2963041726255629, 0.5472923824347409, 0.0, 0.0, 0.25), (0.06707481120440195, 2.574142591995317, 0.001087978482246399, 0.0056782253086566925, 0.25), (-0.7299698654891031, 1.0275921615356103, 0.0, 0.0, 0.25)], [(-0.06668955654950832, 1.2996744246216303, 0.07409950345754623, 0.22258396446704865, 0.15), (-0.2963041726255629, 0.5472923824347409, 0.0, 0.0, 0.25), (0.06718360905262659, 2.5747104145261828, 0.001087978482246399, 0.0056782253086566925, 0.25), (-0.7299698654891031, 1.0275921615356103, 0.0, 0.0, 0.25)], [(-0.060020600716788525, 1.319706982466746, 0.06668955832719803, 0.20032557845115662, 0.15), (-0.2963041726255629, 0.5472923824347409, 0.0, 0.0, 0.25), (0.06729240690085123, 2.5752782370570486, 0.001087978482246399, 0.0056782253086566925, 0.25), (-0.7299698654891031, 1.0275921615356103, 0.0, 0.0, 0.25)]]
2024-09-21 01:03:03, ERROR: Solver failed with error: Error in Opti::solve [OptiNode] at .../casadi/core/optistack.cpp:157:
.../casadi/core/optistack_internal.cpp:996: Assertion "return_success(accept_limit)" failed:
Solver failed. You may use opti.debug.value to investigate the latest values of variables. return_status is 'Maximum_Iterations_Exceeded'
2024-09-21 01:03:03, INFO: Initial state: [-0.05998736  1.31419294  0.06668959  0.20032557]
2024-09-21 01:03:03, INFO: Control input: [0.23973595 0.74212872]
2024-09-21 01:03:03, INFO: [TEST PHASE] Policy time: 3.00, v: 0.000 => displacement: 0.000
2024-09-21 01:03:03, INFO: agents [[(-0.15492366151066517, 1.0346322075458052, 0.17213739454746246, 0.5170753002166748, 0.15), (-0.2857681277895186, 0.546512104083583, 0.0, 0.0, 0.25), (0.0296897960147543, 2.715509544653015, 0.0, 0.0, 0.25), (-0.7299849305630701, 1.0233827879236534, 0.0, 0.0, 0.25)], [(-0.1394312952563355, 1.0811689869494918, 0.15492366254329681, 0.46536779403686523, 0.15), (-0.2857681277895186, 0.546512104083583, 0.0, 0.0, 0.25), (0.0296897960147543, 2.715509544653015, 0.0, 0.0, 0.25), (-0.7299849305630701, 1.0233827879236534, 0.0, 0.0, 0.25)], [(-0.12548816547842717, 1.1230520890088562, 0.13943129777908325, 0.4188310205936432, 0.15), (-0.2857681277895186, 0.546512104083583, 0.0, 0.0, 0.25), (0.0296897960147543, 2.715509544653015, 0.0, 0.0, 0.25), (-0.7299849305630701, 1.0233827879236534, 0.0, 0.0, 0.25)], [(-0.11293934927435613, 1.1607468799682144, 0.12548816204071045, 0.37694790959358215, 0.15), (-0.2857681277895186, 0.546512104083583, 0.0, 0.0, 0.25), (0.0296897960147543, 2.715509544653015, 0.0, 0.0, 0.25), (-0.7299849305630701, 1.0233827879236534, 0.0, 0.0, 0.25)], [(-0.10164541424365735, 1.1946721927257065, 0.11293935030698776, 0.33925312757492065, 0.15), (-0.2857681277895186, 0.546512104083583, 0.0, 0.0, 0.25), (0.0296897960147543, 2.715509544653015, 0.0, 0.0, 0.25), (-0.7299849305630701, 1.0233827879236534, 0.0, 0.0, 0.25)], [(-0.09148087249251102, 1.2252049730153565, 0.10164541751146317, 0.30532780289649963, 0.15), (-0.2857681277895186, 0.546512104083583, 0.0, 0.0, 0.25), (0.0296897960147543, 2.715509544653015, 0.0, 0.0, 0.25), (-0.7299849305630701, 1.0233827879236534, 0.0, 0.0, 0.25)], [(-0.08233278513999676, 1.2526844755740647, 0.09148087352514267, 0.2747950255870819, 0.15), (-0.2857681277895186, 0.546512104083583, 0.0, 0.0, 0.25), (0.0296897960147543, 2.715509544653015, 0.0, 0.0, 0.25), (-0.7299849305630701, 1.0233827879236534, 0.0, 0.0, 0.25)], [(-0.07409950689526294, 1.2774160281749254, 0.0823327824473381, 0.24731552600860596, 0.15), (-0.2857681277895186, 0.546512104083583, 0.0, 0.0, 0.25), (0.0296897960147543, 2.715509544653015, 0.0, 0.0, 0.25), (-0.7299849305630701, 1.0233827879236534, 0.0, 0.0, 0.25)], [(-0.06668955654950832, 1.2996744246216303, 0.07409950345754623, 0.22258396446704865, 0.15), (-0.2857681277895186, 0.546512104083583, 0.0, 0.0, 0.25), (0.0296897960147543, 2.715509544653015, 0.0, 0.0, 0.25), (-0.7299849305630701, 1.0233827879236534, 0.0, 0.0, 0.25)], [(-0.060020600716788525, 1.319706982466746, 0.06668955832719803, 0.20032557845115662, 0.15), (-0.2857681277895186, 0.546512104083583, 0.0, 0.0, 0.25), (0.0296897960147543, 2.715509544653015, 0.0, 0.0, 0.25), (-0.7299849305630701, 1.0233827879236534, 0.0, 0.0, 0.25)]]
2024-09-21 01:03:04, ERROR: Solver failed with error: Error in Opti::solve [OptiNode] at .../casadi/core/optistack.cpp:157:
.../casadi/core/optistack_internal.cpp:996: Assertion "return_success(accept_limit)" failed:
Solver failed. You may use opti.debug.value to investigate the latest values of variables. return_status is 'Maximum_Iterations_Exceeded'
2024-09-21 01:03:04, INFO: Initial state: [-0.0600206   1.31970698  0.06668956  0.20032558]
2024-09-21 01:03:04, INFO: Control input: [-0.05434603  0.36626478]
2024-09-21 01:03:04, INFO: [TEST PHASE] Policy time: 3.25, v: 0.000 => displacement: 0.000
2024-09-21 01:03:04, INFO: agents [[(-0.15492366151066517, 1.0346322075458052, 0.17213739454746246, 0.5170753002166748, 0.15), (-0.26611242534013724, 0.5443766120605024, 0.02142583765089512, -0.011198591440916061, 0.25), (-0.006824836389096256, 2.86141907755764, 0.0, 0.0, 0.25), (-0.729992455649473, 1.0043365148411587, 0.0, 0.0, 0.25)], [(-0.1394312952563355, 1.0811689869494918, 0.15492366254329681, 0.46536779403686523, 0.15), (-0.2639698415750477, 0.5432567529164107, 0.02142583765089512, -0.011198591440916061, 0.25), (-0.006824836389096256, 2.86141907755764, 0.0, 0.0, 0.25), (-0.729992455649473, 1.0043365148411587, 0.0, 0.0, 0.25)], [(-0.12548816547842717, 1.1230520890088562, 0.13943129777908325, 0.4188310205936432, 0.15), (-0.2618272578099582, 0.5421368937723191, 0.02142583765089512, -0.011198591440916061, 0.25), (-0.006824836389096256, 2.86141907755764, 0.0, 0.0, 0.25), (-0.729992455649473, 1.0043365148411587, 0.0, 0.0, 0.25)], [(-0.11293934927435613, 1.1607468799682144, 0.12548816204071045, 0.37694790959358215, 0.15), (-0.25968467404486867, 0.5410170346282275, 0.02142583765089512, -0.011198591440916061, 0.25), (-0.006824836389096256, 2.86141907755764, 0.0, 0.0, 0.25), (-0.729992455649473, 1.0043365148411587, 0.0, 0.0, 0.25)], [(-0.10164541424365735, 1.1946721927257065, 0.11293935030698776, 0.33925312757492065, 0.15), (-0.25754209027977915, 0.5398971754841358, 0.02142583765089512, -0.011198591440916061, 0.25), (-0.006824836389096256, 2.86141907755764, 0.0, 0.0, 0.25), (-0.729992455649473, 1.0043365148411587, 0.0, 0.0, 0.25)], [(-0.09148087249251102, 1.2252049730153565, 0.10164541751146317, 0.30532780289649963, 0.15), (-0.2553995065146896, 0.5387773163400442, 0.02142583765089512, -0.011198591440916061, 0.25), (-0.006824836389096256, 2.86141907755764, 0.0, 0.0, 0.25), (-0.729992455649473, 1.0043365148411587, 0.0, 0.0, 0.25)], [(-0.08233278513999676, 1.2526844755740647, 0.09148087352514267, 0.2747950255870819, 0.15), (-0.2532569227496001, 0.5376574571959526, 0.02142583765089512, -0.011198591440916061, 0.25), (-0.006824836389096256, 2.86141907755764, 0.0, 0.0, 0.25), (-0.729992455649473, 1.0043365148411587, 0.0, 0.0, 0.25)], [(-0.07409950689526294, 1.2774160281749254, 0.0823327824473381, 0.24731552600860596, 0.15), (-0.2511143389845106, 0.536537598051861, 0.02142583765089512, -0.011198591440916061, 0.25), (-0.006824836389096256, 2.86141907755764, 0.0, 0.0, 0.25), (-0.729992455649473, 1.0043365148411587, 0.0, 0.0, 0.25)], [(-0.06668955654950832, 1.2996744246216303, 0.07409950345754623, 0.22258396446704865, 0.15), (-0.24897175521942105, 0.5354177389077693, 0.02142583765089512, -0.011198591440916061, 0.25), (-0.006824836389096256, 2.86141907755764, 0.0, 0.0, 0.25), (-0.729992455649473, 1.0043365148411587, 0.0, 0.0, 0.25)], [(-0.060020600716788525, 1.319706982466746, 0.06668955832719803, 0.20032557845115662, 0.15), (-0.24682917145433153, 0.5342978797636777, 0.02142583765089512, -0.011198591440916061, 0.25), (-0.006824836389096256, 2.86141907755764, 0.0, 0.0, 0.25), (-0.729992455649473, 1.0043365148411587, 0.0, 0.0, 0.25)]]
2024-09-21 01:03:07, ERROR: Solver failed with error: Error in Opti::solve [OptiNode] at .../casadi/core/optistack.cpp:157:
.../casadi/core/optistack_internal.cpp:996: Assertion "return_success(accept_limit)" failed:
Solver failed. You may use opti.debug.value to investigate the latest values of variables. return_status is 'Maximum_Iterations_Exceeded'
2024-09-21 01:03:07, INFO: Initial state: [-0.0600206   1.31970698  0.06668956  0.20032558]
2024-09-21 01:03:07, INFO: Control input: [0.26844166 0.70743908]
2024-09-21 01:03:07, INFO: [TEST PHASE] Policy time: 3.50, v: 0.000 => displacement: 0.000
2024-09-21 01:03:07, INFO: agents [[(-0.15492366151066517, 1.0346322075458052, 0.17213739454746246, 0.5170753002166748, 0.15), (-0.24941908025535084, 0.5440450937503802, 0.036433298140764236, -0.007592812646180391, 0.25), (-0.04333946879294681, 3.007328610462265, 0.0, 0.0, 0.25), (-0.7316830179982858, 0.9655568262146309, -0.016867928206920624, -0.00964285433292389, 0.25)], [(-0.1394312952563355, 1.0811689869494918, 0.15492366254329681, 0.46536779403686523, 0.15), (-0.24577575044127442, 0.5432858124857622, 0.036433298140764236, -0.007592812646180391, 0.25), (-0.04333946879294681, 3.007328610462265, 0.0, 0.0, 0.25), (-0.7333698108189779, 0.9645925407813385, -0.016867928206920624, -0.00964285433292389, 0.25)], [(-0.12548816547842717, 1.1230520890088562, 0.13943129777908325, 0.4188310205936432, 0.15), (-0.242132420627198, 0.5425265312211442, 0.036433298140764236, -0.007592812646180391, 0.25), (-0.04333946879294681, 3.007328610462265, 0.0, 0.0, 0.25), (-0.73505660363967, 0.9636282553480461, -0.016867928206920624, -0.00964285433292389, 0.25)], [(-0.11293934927435613, 1.1607468799682144, 0.12548816204071045, 0.37694790959358215, 0.15), (-0.23848909081312158, 0.5417672499565263, 0.036433298140764236, -0.007592812646180391, 0.25), (-0.04333946879294681, 3.007328610462265, 0.0, 0.0, 0.25), (-0.736743396460362, 0.9626639699147537, -0.016867928206920624, -0.00964285433292389, 0.25)], [(-0.10164541424365735, 1.1946721927257065, 0.11293935030698776, 0.33925312757492065, 0.15), (-0.23484576099904517, 0.5410079686919083, 0.036433298140764236, -0.007592812646180391, 0.25), (-0.04333946879294681, 3.007328610462265, 0.0, 0.0, 0.25), (-0.7384301892810541, 0.9616996844814613, -0.016867928206920624, -0.00964285433292389, 0.25)], [(-0.09148087249251102, 1.2252049730153565, 0.10164541751146317, 0.30532780289649963, 0.15), (-0.23120243118496875, 0.5402486874272903, 0.036433298140764236, -0.007592812646180391, 0.25), (-0.04333946879294681, 3.007328610462265, 0.0, 0.0, 0.25), (-0.7401169821017461, 0.9607353990481688, -0.016867928206920624, -0.00964285433292389, 0.25)], [(-0.08233278513999676, 1.2526844755740647, 0.09148087352514267, 0.2747950255870819, 0.15), (-0.22755910137089233, 0.5394894061626723, 0.036433298140764236, -0.007592812646180391, 0.25), (-0.04333946879294681, 3.007328610462265, 0.0, 0.0, 0.25), (-0.7418037749224382, 0.9597711136148764, -0.016867928206920624, -0.00964285433292389, 0.25)], [(-0.07409950689526294, 1.2774160281749254, 0.0823327824473381, 0.24731552600860596, 0.15), (-0.2239157715568159, 0.5387301248980543, 0.036433298140764236, -0.007592812646180391, 0.25), (-0.04333946879294681, 3.007328610462265, 0.0, 0.0, 0.25), (-0.7434905677431303, 0.958806828181584, -0.016867928206920624, -0.00964285433292389, 0.25)], [(-0.06668955654950832, 1.2996744246216303, 0.07409950345754623, 0.22258396446704865, 0.15), (-0.2202724417427395, 0.5379708436334363, 0.036433298140764236, -0.007592812646180391, 0.25), (-0.04333946879294681, 3.007328610462265, 0.0, 0.0, 0.25), (-0.7451773605638223, 0.9578425427482916, -0.016867928206920624, -0.00964285433292389, 0.25)], [(-0.060020600716788525, 1.319706982466746, 0.06668955832719803, 0.20032557845115662, 0.15), (-0.21662911192866308, 0.5372115623688183, 0.036433298140764236, -0.007592812646180391, 0.25), (-0.04333946879294681, 3.007328610462265, 0.0, 0.0, 0.25), (-0.7468641533845144, 0.9568782573149992, -0.016867928206920624, -0.00964285433292389, 0.25)]]
2024-09-21 01:03:09, ERROR: Solver failed with error: Error in Opti::solve [OptiNode] at .../casadi/core/optistack.cpp:157:
.../casadi/core/optistack_internal.cpp:996: Assertion "return_success(accept_limit)" failed:
Solver failed. You may use opti.debug.value to investigate the latest values of variables. return_status is 'Maximum_Iterations_Exceeded'
2024-09-21 01:03:09, INFO: Initial state: [-0.0600206   1.31970698  0.06668956  0.20032558]
2024-09-21 01:03:09, INFO: Control input: [0.27065391 0.70822813]
2024-09-21 01:03:09, INFO: [TEST PHASE] Policy time: 3.75, v: 0.000 => displacement: 0.000
2024-09-21 01:03:09, INFO: agents [[(-0.15492366151066517, 1.0346322075458052, 0.17213739454746246, 0.5170753002166748, 0.15), (-0.2380554834136579, 0.5440416905812773, 0.03407957777380943, -0.0031690967734903097, 0.25), (-0.07985410119679737, 3.15323814336689, 0.0, 0.0, 0.25), (-0.7319984971874434, 0.8979869251654938, -0.020003795623779297, -0.08866021782159805, 0.25)], [(-0.1394312952563355, 1.0811689869494918, 0.15492366254329681, 0.46536779403686523, 0.15), (-0.23464752563627694, 0.5437247809039283, 0.03407957777380943, -0.0031690967734903097, 0.25), (-0.07985410119679737, 3.15323814336689, 0.0, 0.0, 0.25), (-0.7339988767498213, 0.889120903383334, -0.020003795623779297, -0.08866021782159805, 0.25)], [(-0.12548816547842717, 1.1230520890088562, 0.13943129777908325, 0.4188310205936432, 0.15), (-0.231239567858896, 0.5434078712265793, 0.03407957777380943, -0.0031690967734903097, 0.25), (-0.07985410119679737, 3.15323814336689, 0.0, 0.0, 0.25), (-0.7359992563121993, 0.8802548816011743, -0.020003795623779297, -0.08866021782159805, 0.25)], [(-0.11293934927435613, 1.1607468799682144, 0.12548816204071045, 0.37694790959358215, 0.15), (-0.22783161008151503, 0.5430909615492303, 0.03407957777380943, -0.0031690967734903097, 0.25), (-0.07985410119679737, 3.15323814336689, 0.0, 0.0, 0.25), (-0.7379996358745773, 0.8713888598190145, -0.020003795623779297, -0.08866021782159805, 0.25)], [(-0.10164541424365735, 1.1946721927257065, 0.11293935030698776, 0.33925312757492065, 0.15), (-0.22442365230413408, 0.5427740518718813, 0.03407957777380943, -0.0031690967734903097, 0.25), (-0.07985410119679737, 3.15323814336689, 0.0, 0.0, 0.25), (-0.7400000154369553, 0.8625228380368547, -0.020003795623779297, -0.08866021782159805, 0.25)], [(-0.09148087249251102, 1.2252049730153565, 0.10164541751146317, 0.30532780289649963, 0.15), (-0.22101569452675313, 0.5424571421945323, 0.03407957777380943, -0.0031690967734903097, 0.25), (-0.07985410119679737, 3.15323814336689, 0.0, 0.0, 0.25), (-0.7420003949993332, 0.8536568162546949, -0.020003795623779297, -0.08866021782159805, 0.25)], [(-0.08233278513999676, 1.2526844755740647, 0.09148087352514267, 0.2747950255870819, 0.15), (-0.21760773674937217, 0.5421402325171834, 0.03407957777380943, -0.0031690967734903097, 0.25), (-0.07985410119679737, 3.15323814336689, 0.0, 0.0, 0.25), (-0.7440007745617112, 0.8447907944725351, -0.020003795623779297, -0.08866021782159805, 0.25)], [(-0.07409950689526294, 1.2774160281749254, 0.0823327824473381, 0.24731552600860596, 0.15), (-0.21419977897199122, 0.5418233228398344, 0.03407957777380943, -0.0031690967734903097, 0.25), (-0.07985410119679737, 3.15323814336689, 0.0, 0.0, 0.25), (-0.7460011541240892, 0.8359247726903754, -0.020003795623779297, -0.08866021782159805, 0.25)], [(-0.06668955654950832, 1.2996744246216303, 0.07409950345754623, 0.22258396446704865, 0.15), (-0.21079182119461026, 0.5415064131624854, 0.03407957777380943, -0.0031690967734903097, 0.25), (-0.07985410119679737, 3.15323814336689, 0.0, 0.0, 0.25), (-0.7480015336864672, 0.8270587509082156, -0.020003795623779297, -0.08866021782159805, 0.25)], [(-0.060020600716788525, 1.319706982466746, 0.06668955832719803, 0.20032557845115662, 0.15), (-0.2073838634172293, 0.5411895034851364, 0.03407957777380943, -0.0031690967734903097, 0.25), (-0.07985410119679737, 3.15323814336689, 0.0, 0.0, 0.25), (-0.7500019132488451, 0.8181927291260558, -0.020003795623779297, -0.08866021782159805, 0.25)]]
2024-09-21 01:03:12, ERROR: Solver failed with error: Error in Opti::solve [OptiNode] at .../casadi/core/optistack.cpp:157:
.../casadi/core/optistack_internal.cpp:996: Assertion "return_success(accept_limit)" failed:
Solver failed. You may use opti.debug.value to investigate the latest values of variables. return_status is 'Maximum_Iterations_Exceeded'
2024-09-21 01:03:12, INFO: Initial state: [-0.0600206   1.31970698  0.06668956  0.20032558]
2024-09-21 01:03:12, INFO: Control input: [0.2383755  0.71828928]
2024-09-21 01:03:12, INFO: [TEST PHASE] Policy time: 4.00, v: 0.000 => displacement: 0.000
2024-09-21 01:03:12, INFO: agents [[(-0.15492366151066517, 1.0346322075458052, 0.17213739454746246, 0.5170753002166748, 0.15), (-0.2277729179465983, 0.543795708265886, 0.03099672868847847, -0.0023337178863584995, 0.25), (-0.11636873360064792, 3.299147676271515, 0.0, 0.0, 0.25), (-0.7319992452257352, 0.8307774563835457, -0.020001888275146484, -0.10043475776910782, 0.25)], [(-0.1394312952563355, 1.0811689869494918, 0.15492366254329681, 0.46536779403686523, 0.15), (-0.22467324507775044, 0.5435623364772502, 0.03099672868847847, -0.0023337178863584995, 0.25), (-0.11636873360064792, 3.299147676271515, 0.0, 0.0, 0.25), (-0.7339994340532499, 0.8207339806066349, -0.020001888275146484, -0.10043475776910782, 0.25)], [(-0.12548816547842717, 1.1230520890088562, 0.13943129777908325, 0.4188310205936432, 0.15), (-0.22157357220890259, 0.5433289646886144, 0.03099672868847847, -0.0023337178863584995, 0.25), (-0.11636873360064792, 3.299147676271515, 0.0, 0.0, 0.25), (-0.7359996228807645, 0.8106905048297242, -0.020001888275146484, -0.10043475776910782, 0.25)], [(-0.11293934927435613, 1.1607468799682144, 0.12548816204071045, 0.37694790959358215, 0.15), (-0.21847389934005473, 0.5430955928999786, 0.03099672868847847, -0.0023337178863584995, 0.25), (-0.11636873360064792, 3.299147676271515, 0.0, 0.0, 0.25), (-0.7379998117082791, 0.8006470290528134, -0.020001888275146484, -0.10043475776910782, 0.25)], [(-0.10164541424365735, 1.1946721927257065, 0.11293935030698776, 0.33925312757492065, 0.15), (-0.21537422647120688, 0.5428622211113427, 0.03099672868847847, -0.0023337178863584995, 0.25), (-0.11636873360064792, 3.299147676271515, 0.0, 0.0, 0.25), (-0.7400000005357937, 0.7906035532759026, -0.020001888275146484, -0.10043475776910782, 0.25)], [(-0.09148087249251102, 1.2252049730153565, 0.10164541751146317, 0.30532780289649963, 0.15), (-0.21227455360235903, 0.5426288493227069, 0.03099672868847847, -0.0023337178863584995, 0.25), (-0.11636873360064792, 3.299147676271515, 0.0, 0.0, 0.25), (-0.7420001893633084, 0.7805600774989918, -0.020001888275146484, -0.10043475776910782, 0.25)], [(-0.08233278513999676, 1.2526844755740647, 0.09148087352514267, 0.2747950255870819, 0.15), (-0.20917488073351118, 0.5423954775340711, 0.03099672868847847, -0.0023337178863584995, 0.25), (-0.11636873360064792, 3.299147676271515, 0.0, 0.0, 0.25), (-0.744000378190823, 0.770516601722081, -0.020001888275146484, -0.10043475776910782, 0.25)], [(-0.07409950689526294, 1.2774160281749254, 0.0823327824473381, 0.24731552600860596, 0.15), (-0.20607520786466332, 0.5421621057454353, 0.03099672868847847, -0.0023337178863584995, 0.25), (-0.11636873360064792, 3.299147676271515, 0.0, 0.0, 0.25), (-0.7460005670183376, 0.7604731259451702, -0.020001888275146484, -0.10043475776910782, 0.25)], [(-0.06668955654950832, 1.2996744246216303, 0.07409950345754623, 0.22258396446704865, 0.15), (-0.20297553499581547, 0.5419287339567995, 0.03099672868847847, -0.0023337178863584995, 0.25), (-0.11636873360064792, 3.299147676271515, 0.0, 0.0, 0.25), (-0.7480007558458522, 0.7504296501682595, -0.020001888275146484, -0.10043475776910782, 0.25)], [(-0.060020600716788525, 1.319706982466746, 0.06668955832719803, 0.20032557845115662, 0.15), (-0.19987586212696762, 0.5416953621681637, 0.03099672868847847, -0.0023337178863584995, 0.25), (-0.11636873360064792, 3.299147676271515, 0.0, 0.0, 0.25), (-0.7500009446733669, 0.7403861743913487, -0.020001888275146484, -0.10043475776910782, 0.25)]]
2024-09-21 01:03:14, ERROR: Solver failed with error: Error in Opti::solve [OptiNode] at .../casadi/core/optistack.cpp:157:
.../casadi/core/optistack_internal.cpp:996: Assertion "return_success(accept_limit)" failed:
Solver failed. You may use opti.debug.value to investigate the latest values of variables. return_status is 'Maximum_Iterations_Exceeded'